frame, face_id, timestamp, confidence, success, AU01_r, AU02_r, AU04_r, AU05_r, AU06_r, AU07_r, AU09_r, AU10_r, AU12_r, AU14_r, AU15_r, AU17_r, AU20_r, AU23_r, AU25_r, AU26_r, AU45_r, AU01_c, AU02_c, AU04_c, AU05_c, AU06_c, AU07_c, AU09_c, AU10_c, AU12_c, AU14_c, AU15_c, AU17_c, AU20_c, AU23_c, AU25_c, AU26_c, AU28_c, AU45_c
1,  0,  0.000,  0.98,  1, 0.08, 0.27, 0.00, 0.00, 0.23, 0.00, 0.00, 0.00, 0.00, 0.47, 0.00, 0.05, 0.70, 0.00, 0.31, 0.86, 1.18, 0.00, 1.00, 0.00, 0.00, 0.00, 0.00, 0.00, 0.00, 0.00, 1.00, 0.00, 0.00, 1.00, 0.00, 0.00, 1.00, 0.00, 1.00
2,  0,  0.033,  0.98,  1, 0.03, 0.16, 0.00, 0.00, 0.19, 0.00, 0.00, 0.00, 0.00, 0.29, 0.00, 0.02, 0.84, 0.10, 0.25, 0.60, 1.22, 0.00, 0.00, 0.00, 0.00, 0.00, 0.00, 0.00, 0.00, 0.00, 0.00, 0.00, 0.00, 1.00, 0.00, 1.00, 1.00, 0.00, 1.00
3,  0,  0.067,  0.98,  1, 0.12, 0.07, 0.00, 0.00, 0.13, 0.00, 0.00, 0.00, 0.00, 0.22, 0.00, 0.00, 0.82, 0.12, 0.17, 0.43, 0.98, 0.00, 0.00, 0.00, 0.00, 0.00, 0.00, 0.00, 0.00, 0.00, 1.00, 0.00, 0.00, 1.00, 0.00, 1.00, 1.00, 0.00, 1.00
4,  0,  0.100,  0.98,  1, 0.24, 0.07, 0.00, 0.00, 0.13, 0.00, 0.00, 0.00, 0.00, 0.33, 0.00, 0.02, 0.62, 0.04, 0.12, 0.48, 0.61, 0.00, 0.00, 0.00, 0.00, 0.00, 0.00, 0.00, 0.00, 0.00, 1.00, 0.00, 0.00, 1.00, 0.00, 0.00, 1.00, 0.00, 0.00
5,  0,  0.133,  0.98,  1, 0.31, 0.00, 0.00, 0.00, 0.07, 0.00, 0.00, 0.00, 0.00, 0.40, 0.00, 0.02, 0.38, 0.04, 0.12, 0.35, 0.33, 0.00, 0.00, 0.00, 0.00, 0.00, 0.00, 0.00, 0.00, 0.00, 1.00, 0.00, 0.00, 1.00, 0.00, 0.00, 1.00, 0.00, 0.00
6,  0,  0.167,  0.98,  1, 0.27, 0.00, 0.00, 0.00, 0.04, 0.00, 0.00, 0.00, 0.00, 0.49, 0.00, 0.03, 0.19, 0.01, 0.20, 0.35, 0.32, 0.00, 0.00, 0.00, 0.00, 0.00, 0.00, 0.00, 0.00, 0.00, 1.00, 0.00, 0.00, 0.00, 0.00, 0.00, 1.00, 0.00, 0.00
7,  0,  0.200,  0.98,  1, 0.16, 0.00, 0.00, 0.00, 0.00, 0.00, 0.00, 0.00, 0.00, 0.41, 0.00, 0.06, 0.05, 0.00, 0.31, 0.52, 0.23, 0.00, 0.00, 0.00, 0.00, 0.00, 0.00, 0.00, 0.00, 0.00, 1.00, 0.00, 0.00, 0.00, 0.00, 0.00, 1.00, 0.00, 0.00
8,  0,  0.234,  0.98,  1, 0.12, 0.00, 0.00, 0.00, 0.00, 0.00, 0.00, 0.00, 0.00, 0.25, 0.00, 0.10, 0.03, 0.00, 0.31, 0.70, 0.15, 0.00, 0.00, 0.00, 1.00, 0.00, 0.00, 0.00, 0.00, 0.00, 1.00, 0.00, 0.00, 0.00, 0.00, 0.00, 1.00, 0.00, 0.00
9,  0,  0.267,  0.98,  1, 0.09, 0.00, 0.00, 0.00, 0.00, 0.00, 0.00, 0.00, 0.00, 0.25, 0.00, 0.09, 0.00, 0.02, 0.30, 0.72, 0.00, 0.00, 0.00, 0.00, 1.00, 0.00, 0.00, 0.00, 0.00, 0.00, 1.00, 0.00, 0.00, 0.00, 0.00, 0.00, 1.00, 0.00, 0.00
10,  0,  0.300,  0.98,  1, 0.13, 0.00, 0.00, 0.00, 0.00, 0.00, 0.00, 0.00, 0.00, 0.41, 0.00, 0.04, 0.00, 0.04, 0.24, 0.56, 0.00, 0.00, 0.00, 0.00, 1.00, 0.00, 0.00, 0.00, 0.00, 0.00, 1.00, 0.00, 0.00, 0.00, 0.00, 0.00, 1.00, 0.00, 0.00
11,  0,  0.334,  0.98,  1, 0.16, 0.00, 0.00, 0.00, 0.00, 0.00, 0.00, 0.00, 0.00, 0.61, 0.00, 0.00, 0.00, 0.04, 0.17, 0.45, 0.07, 0.00, 0.00, 0.00, 1.00, 0.00, 0.00, 0.00, 0.00, 0.00, 1.00, 0.00, 0.00, 0.00, 0.00, 0.00, 1.00, 0.00, 0.00
12,  0,  0.367,  0.98,  1, 0.20, 0.04, 0.00, 0.00, 0.00, 0.00, 0.00, 0.00, 0.00, 0.67, 0.00, 0.00, 0.00, 0.02, 0.16, 0.52, 0.09, 0.00, 0.00, 0.00, 1.00, 0.00, 0.00, 0.00, 0.00, 0.00, 1.00, 0.00, 0.00, 0.00, 0.00, 0.00, 1.00, 0.00, 0.00
13,  0,  0.400,  0.98,  1, 0.15, 0.04, 0.00, 0.00, 0.00, 0.00, 0.00, 0.00, 0.00, 0.63, 0.00, 0.00, 0.00, 0.00, 0.25, 0.61, 0.09, 0.00, 0.00, 0.00, 1.00, 0.00, 0.00, 0.00, 0.00, 0.00, 1.00, 0.00, 0.00, 0.00, 0.00, 0.00, 1.00, 0.00, 0.00
14,  0,  0.434,  0.98,  1, 0.13, 0.04, 0.00, 0.00, 0.00, 0.00, 0.00, 0.00, 0.00, 0.53, 0.00, 0.00, 0.00, 0.00, 0.30, 0.60, 0.02, 0.00, 0.00, 0.00, 1.00, 0.00, 0.00, 0.00, 0.00, 0.00, 1.00, 0.00, 0.00, 0.00, 0.00, 1.00, 1.00, 0.00, 0.00
15,  0,  0.467,  0.98,  1, 0.21, 0.03, 0.00, 0.00, 0.00, 0.00, 0.00, 0.00, 0.00, 0.42, 0.00, 0.00, 0.05, 0.03, 0.33, 0.43, 0.00, 0.00, 0.00, 0.00, 1.00, 0.00, 0.00, 0.00, 0.00, 0.00, 1.00, 0.00, 0.00, 0.00, 0.00, 1.00, 1.00, 0.00, 0.00
16,  0,  0.501,  0.98,  1, 0.33, 0.03, 0.00, 0.00, 0.00, 0.00, 0.00, 0.00, 0.00, 0.38, 0.00, 0.00, 0.08, 0.05, 0.27, 0.21, 0.00, 0.00, 0.00, 0.00, 1.00, 0.00, 0.00, 0.00, 0.00, 0.00, 1.00, 0.00, 0.00, 0.00, 0.00, 1.00, 1.00, 0.00, 0.00
17,  0,  0.534,  0.98,  1, 0.41, 0.03, 0.00, 0.00, 0.00, 0.00, 0.00, 0.00, 0.00, 0.36, 0.00, 0.00, 0.08, 0.05, 0.26, 0.14, 0.00, 0.00, 0.00, 0.00, 1.00, 0.00, 0.00, 0.00, 0.00, 0.00, 1.00, 0.00, 0.00, 0.00, 0.00, 1.00, 1.00, 0.00, 0.00
18,  0,  0.567,  0.98,  1, 0.37, 0.02, 0.00, 0.00, 0.00, 0.00, 0.00, 0.00, 0.00, 0.41, 0.00, 0.00, 0.03, 0.03, 0.25, 0.22, 0.00, 0.00, 0.00, 0.00, 1.00, 0.00, 0.00, 0.00, 0.00, 0.00, 1.00, 0.00, 0.00, 0.00, 0.00, 1.00, 1.00, 0.00, 0.00
19,  0,  0.601,  0.98,  1, 0.30, 0.10, 0.00, 0.00, 0.00, 0.00, 0.00, 0.00, 0.00, 0.49, 0.00, 0.00, 0.00, 0.05, 0.21, 0.40, 0.00, 0.00, 0.00, 0.00, 1.00, 0.00, 0.00, 0.00, 0.00, 0.00, 1.00, 0.00, 0.00, 0.00, 0.00, 1.00, 1.00, 0.00, 0.00
20,  0,  0.634,  0.98,  1, 0.30, 0.21, 0.00, 0.00, 0.00, 0.00, 0.00, 0.00, 0.00, 0.56, 0.00, 0.00, 0.03, 0.12, 0.17, 0.48, 0.00, 0.00, 0.00, 0.00, 1.00, 0.00, 0.00, 0.00, 0.00, 0.00, 1.00, 0.00, 0.00, 0.00, 0.00, 1.00, 1.00, 0.00, 0.00
21,  0,  0.667,  0.98,  1, 0.37, 0.27, 0.00, 0.00, 0.00, 0.00, 0.00, 0.00, 0.00, 0.61, 0.00, 0.00, 0.03, 0.16, 0.15, 0.53, 0.00, 0.00, 0.00, 0.00, 1.00, 0.00, 0.00, 0.00, 0.00, 0.00, 1.00, 0.00, 0.00, 0.00, 0.00, 1.00, 1.00, 0.00, 0.00
22,  0,  0.701,  0.98,  1, 0.48, 0.29, 0.00, 0.00, 0.00, 0.00, 0.00, 0.00, 0.00, 0.59, 0.00, 0.00, 0.03, 0.17, 0.18, 0.56, 0.00, 0.00, 0.00, 0.00, 1.00, 0.00, 0.00, 0.00, 0.00, 0.00, 1.00, 0.00, 0.00, 0.00, 0.00, 1.00, 1.00, 0.00, 0.00
23,  0,  0.734,  0.98,  1, 0.49, 0.18, 0.00, 0.00, 0.00, 0.00, 0.00, 0.00, 0.00, 0.53, 0.00, 0.00, 0.01, 0.11, 0.19, 0.45, 0.00, 0.00, 0.00, 0.00, 1.00, 0.00, 0.00, 0.00, 0.00, 0.00, 1.00, 0.00, 0.00, 0.00, 0.00, 1.00, 1.00, 0.00, 0.00
24,  0,  0.767,  0.98,  1, 0.40, 0.12, 0.00, 0.00, 0.00, 0.00, 0.00, 0.00, 0.00, 0.42, 0.00, 0.00, 0.03, 0.06, 0.20, 0.38, 0.00, 0.00, 0.00, 0.00, 1.00, 0.00, 0.00, 0.00, 0.00, 0.00, 1.00, 0.00, 0.00, 0.00, 0.00, 1.00, 1.00, 0.00, 0.00
25,  0,  0.801,  0.98,  1, 0.28, 0.06, 0.00, 0.00, 0.00, 0.00, 0.00, 0.00, 0.00, 0.48, 0.00, 0.00, 0.09, 0.04, 0.16, 0.18, 0.00, 0.00, 0.00, 0.00, 1.00, 0.00, 0.00, 0.00, 0.00, 0.00, 1.00, 0.00, 0.00, 0.00, 0.00, 1.00, 1.00, 0.00, 0.00
26,  0,  0.834,  0.98,  1, 0.24, 0.09, 0.00, 0.00, 0.00, 0.00, 0.00, 0.00, 0.00, 0.58, 0.00, 0.00, 0.13, 0.08, 0.14, 0.13, 0.00, 0.00, 0.00, 0.00, 1.00, 0.00, 0.00, 0.00, 0.00, 0.00, 1.00, 0.00, 0.00, 0.00, 0.00, 1.00, 1.00, 0.00, 0.00
27,  0,  0.868,  0.98,  1, 0.23, 0.09, 0.00, 0.00, 0.00, 0.00, 0.00, 0.00, 0.00, 0.65, 0.00, 0.00, 0.17, 0.08, 0.11, 0.08, 0.00, 0.00, 0.00, 0.00, 1.00, 0.00, 0.00, 0.00, 0.00, 0.00, 1.00, 0.00, 0.00, 0.00, 0.00, 1.00, 1.00, 0.00, 0.00
28,  0,  0.901,  0.98,  1, 0.24, 0.04, 0.00, 0.00, 0.00, 0.00, 0.00, 0.00, 0.00, 0.58, 0.00, 0.00, 0.15, 0.05, 0.13, 0.10, 0.00, 0.00, 0.00, 0.00, 1.00, 0.00, 0.00, 0.00, 0.00, 0.00, 1.00, 0.00, 0.00, 0.00, 0.00, 0.00, 1.00, 0.00, 0.00
29,  0,  0.934,  0.98,  1, 0.23, 0.00, 0.00, 0.00, 0.00, 0.00, 0.00, 0.00, 0.00, 0.63, 0.00, 0.00, 0.21, 0.04, 0.17, 0.15, 0.00, 0.00, 0.00, 0.00, 1.00, 0.00, 0.00, 0.00, 0.00, 0.00, 1.00, 0.00, 0.00, 0.00, 0.00, 0.00, 1.00, 0.00, 0.00
30,  0,  0.968,  0.98,  1, 0.20, 0.00, 0.00, 0.00, 0.00, 0.00, 0.00, 0.00, 0.00, 0.66, 0.00, 0.00, 0.19, 0.04, 0.19, 0.17, 0.00, 0.00, 0.00, 0.00, 1.00, 0.00, 0.00, 0.00, 0.00, 0.00, 1.00, 0.00, 0.00, 0.00, 0.00, 0.00, 1.00, 0.00, 0.00
31,  0,  1.001,  0.98,  1, 0.29, 0.12, 0.00, 0.00, 0.00, 0.00, 0.00, 0.00, 0.00, 0.70, 0.00, 0.00, 0.15, 0.08, 0.19, 0.33, 0.00, 0.00, 0.00, 0.00, 1.00, 0.00, 0.00, 0.00, 0.00, 0.00, 1.00, 0.00, 0.00, 0.00, 0.00, 1.00, 1.00, 0.00, 0.00
32,  0,  1.034,  0.98,  1, 0.37, 0.25, 0.00, 0.00, 0.00, 0.00, 0.00, 0.00, 0.00, 0.66, 0.00, 0.00, 0.04, 0.12, 0.19, 0.47, 0.00, 0.00, 0.00, 0.00, 1.00, 0.00, 0.00, 0.00, 0.00, 0.00, 1.00, 0.00, 0.00, 0.00, 0.00, 0.00, 1.00, 0.00, 0.00
33,  0,  1.068,  0.98,  1, 0.44, 0.25, 0.00, 0.00, 0.00, 0.00, 0.00, 0.00, 0.00, 0.76, 0.00, 0.03, 0.00, 0.12, 0.18, 0.57, 0.00, 0.00, 0.00, 0.00, 1.00, 0.00, 0.00, 0.00, 0.00, 0.00, 1.00, 0.00, 0.00, 0.00, 0.00, 0.00, 1.00, 0.00, 0.00
34,  0,  1.101,  0.98,  1, 0.41, 0.13, 0.00, 0.00, 0.00, 0.00, 0.00, 0.00, 0.00, 0.85, 0.00, 0.05, 0.00, 0.07, 0.17, 0.50, 0.00, 0.00, 0.00, 0.00, 1.00, 0.00, 0.00, 0.00, 0.00, 0.00, 1.00, 0.00, 0.00, 0.00, 0.00, 0.00, 1.00, 0.00, 0.00
35,  0,  1.134,  0.98,  1, 0.33, 0.00, 0.00, 0.00, 0.00, 0.00, 0.00, 0.00, 0.00, 0.83, 0.00, 0.05, 0.08, 0.04, 0.11, 0.43, 0.00, 0.00, 0.00, 0.00, 1.00, 0.00, 0.00, 0.00, 0.00, 0.00, 1.00, 0.00, 0.00, 0.00, 0.00, 0.00, 1.00, 0.00, 0.00
36,  0,  1.168,  0.98,  1, 0.25, 0.00, 0.00, 0.00, 0.00, 0.00, 0.00, 0.00, 0.00, 0.71, 0.00, 0.04, 0.23, 0.08, 0.05, 0.31, 0.00, 0.00, 0.00, 0.00, 1.00, 0.00, 0.00, 0.00, 0.00, 0.00, 1.00, 0.00, 0.00, 0.00, 0.00, 0.00, 1.00, 0.00, 0.00
37,  0,  1.201,  0.98,  1, 0.28, 0.00, 0.00, 0.00, 0.02, 0.00, 0.00, 0.00, 0.00, 0.58, 0.00, 0.02, 0.29, 0.10, 0.03, 0.27, 0.00, 0.00, 0.00, 0.00, 0.00, 0.00, 0.00, 0.00, 0.00, 0.00, 1.00, 0.00, 0.00, 0.00, 0.00, 0.00, 1.00, 0.00, 0.00
38,  0,  1.235,  0.98,  1, 0.38, 0.00, 0.00, 0.00, 0.02, 0.00, 0.00, 0.00, 0.00, 0.54, 0.00, 0.02, 0.26, 0.10, 0.05, 0.22, 0.00, 0.00, 0.00, 0.00, 0.00, 0.00, 0.00, 0.00, 0.00, 0.00, 1.00, 0.00, 0.00, 0.00, 0.00, 0.00, 1.00, 0.00, 0.00
39,  0,  1.268,  0.98,  1, 0.38, 0.00, 0.00, 0.00, 0.02, 0.00, 0.00, 0.00, 0.00, 0.70, 0.00, 0.00, 0.12, 0.08, 0.17, 0.24, 0.00, 0.00, 0.00, 0.00, 0.00, 0.00, 0.00, 0.00, 0.00, 0.00, 1.00, 0.00, 0.00, 0.00, 0.00, 0.00, 1.00, 0.00, 0.00
40,  0,  1.301,  0.98,  1, 0.27, 0.00, 0.00, 0.00, 0.00, 0.00, 0.00, 0.00, 0.00, 0.89, 0.00, 0.00, 0.06, 0.06, 0.27, 0.21, 0.00, 0.00, 0.00, 0.00, 0.00, 0.00, 0.00, 0.00, 0.00, 0.00, 1.00, 0.00, 0.00, 0.00, 0.00, 0.00, 1.00, 0.00, 0.00
41,  0,  1.335,  0.98,  1, 0.11, 0.00, 0.00, 0.00, 0.00, 0.00, 0.00, 0.00, 0.00, 0.99, 0.00, 0.01, 0.02, 0.03, 0.24, 0.19, 0.00, 0.00, 0.00, 0.00, 0.00, 0.00, 0.00, 0.00, 0.00, 0.00, 1.00, 0.00, 0.00, 0.00, 0.00, 0.00, 1.00, 0.00, 0.00
42,  0,  1.368,  0.98,  1, 0.06, 0.00, 0.00, 0.00, 0.00, 0.00, 0.00, 0.00, 0.00, 0.91, 0.00, 0.01, 0.02, 0.04, 0.12, 0.18, 0.00, 0.00, 0.00, 0.00, 0.00, 0.00, 0.00, 0.00, 0.00, 0.00, 1.00, 0.00, 0.00, 0.00, 0.00, 0.00, 1.00, 0.00, 0.00
43,  0,  1.401,  0.98,  1, 0.09, 0.00, 0.00, 0.00, 0.00, 0.00, 0.00, 0.00, 0.00, 0.78, 0.00, 0.01, 0.02, 0.03, 0.03, 0.12, 0.00, 0.00, 0.00, 0.00, 0.00, 0.00, 0.00, 0.00, 0.00, 0.00, 1.00, 0.00, 0.00, 0.00, 0.00, 0.00, 1.00, 0.00, 0.00
44,  0,  1.435,  0.98,  1, 0.17, 0.00, 0.00, 0.00, 0.00, 0.00, 0.00, 0.00, 0.00, 0.73, 0.00, 0.00, 0.00, 0.01, 0.03, 0.06, 0.00, 0.00, 0.00, 0.00, 0.00, 0.00, 0.00, 0.00, 0.00, 0.00, 1.00, 0.00, 0.00, 0.00, 0.00, 0.00, 0.00, 0.00, 0.00
45,  0,  1.468,  0.98,  1, 0.17, 0.00, 0.00, 0.00, 0.00, 0.00, 0.00, 0.00, 0.00, 0.79, 0.00, 0.00, 0.00, 0.00, 0.04, 0.00, 0.00, 0.00, 0.00, 0.00, 1.00, 0.00, 0.00, 0.00, 0.00, 0.00, 1.00, 0.00, 0.00, 0.00, 0.00, 0.00, 0.00, 0.00, 0.00
46,  0,  1.502,  0.98,  1, 0.09, 0.00, 0.00, 0.00, 0.00, 0.00, 0.00, 0.00, 0.00, 0.91, 0.00, 0.00, 0.00, 0.00, 0.03, 0.01, 0.00, 0.00, 0.00, 0.00, 1.00, 0.00, 0.00, 0.00, 0.00, 0.00, 1.00, 0.00, 0.00, 0.00, 0.00, 0.00, 0.00, 0.00, 0.00
47,  0,  1.535,  0.98,  1, 0.00, 0.00, 0.00, 0.00, 0.00, 0.00, 0.00, 0.00, 0.00, 1.02, 0.00, 0.01, 0.00, 0.00, 0.03, 0.10, 0.00, 0.00, 0.00, 0.00, 0.00, 0.00, 0.00, 0.00, 0.00, 0.00, 1.00, 0.00, 0.00, 0.00, 0.00, 0.00, 0.00, 0.00, 0.00
48,  0,  1.568,  0.98,  1, 0.00, 0.00, 0.00, 0.00, 0.00, 0.00, 0.00, 0.00, 0.00, 1.04, 0.00, 0.03, 0.00, 0.00, 0.02, 0.16, 0.00, 0.00, 0.00, 0.00, 0.00, 0.00, 0.00, 0.00, 0.00, 0.00, 1.00, 0.00, 0.00, 0.00, 0.00, 0.00, 0.00, 0.00, 0.00
49,  0,  1.602,  0.98,  1, 0.06, 0.00, 0.00, 0.00, 0.00, 0.00, 0.00, 0.00, 0.00, 0.87, 0.00, 0.03, 0.00, 0.03, 0.11, 0.19, 0.00, 0.00, 0.00, 0.00, 0.00, 0.00, 0.00, 0.00, 0.00, 0.00, 1.00, 0.00, 0.00, 0.00, 0.00, 0.00, 0.00, 0.00, 0.00
50,  0,  1.635,  0.98,  1, 0.17, 0.00, 0.00, 0.00, 0.00, 0.00, 0.00, 0.00, 0.00, 0.70, 0.00, 0.02, 0.00, 0.07, 0.16, 0.12, 0.00, 0.00, 0.00, 0.00, 1.00, 0.00, 0.00, 0.00, 0.00, 0.00, 1.00, 0.00, 0.00, 0.00, 0.00, 0.00, 0.00, 0.00, 0.00
51,  0,  1.668,  0.98,  1, 0.17, 0.00, 0.00, 0.00, 0.00, 0.00, 0.00, 0.00, 0.00, 0.51, 0.00, 0.00, 0.00, 0.07, 0.16, 0.08, 0.00, 0.00, 0.00, 0.00, 1.00, 0.00, 0.00, 0.00, 0.00, 0.00, 1.00, 0.00, 0.00, 0.00, 0.00, 0.00, 0.00, 0.00, 0.00
52,  0,  1.702,  0.98,  1, 0.11, 0.00, 0.00, 0.00, 0.00, 0.00, 0.00, 0.00, 0.00, 0.48, 0.00, 0.00, 0.00, 0.04, 0.06, 0.05, 0.00, 0.00, 0.00, 0.00, 1.00, 0.00, 0.00, 0.00, 0.00, 0.00, 1.00, 0.00, 0.00, 0.00, 0.00, 0.00, 0.00, 0.00, 0.00
53,  0,  1.735,  0.98,  1, 0.00, 0.00, 0.00, 0.00, 0.00, 0.00, 0.00, 0.00, 0.00, 0.53, 0.00, 0.00, 0.00, 0.02, 0.00, 0.07, 0.00, 0.00, 0.00, 0.00, 1.00, 0.00, 0.00, 0.00, 0.00, 0.00, 1.00, 0.00, 0.00, 0.00, 0.00, 0.00, 0.00, 0.00, 0.00
54,  0,  1.768,  0.98,  1, 0.00, 0.00, 0.00, 0.00, 0.00, 0.00, 0.00, 0.00, 0.00, 0.60, 0.00, 0.00, 0.00, 0.04, 0.00, 0.12, 0.00, 0.00, 0.00, 0.00, 1.00, 0.00, 0.00, 0.00, 0.00, 0.00, 1.00, 0.00, 0.00, 0.00, 0.00, 0.00, 0.00, 0.00, 0.00
55,  0,  1.802,  0.98,  1, 0.05, 0.00, 0.00, 0.00, 0.00, 0.00, 0.00, 0.00, 0.00, 0.67, 0.00, 0.01, 0.00, 0.04, 0.00, 0.10, 0.00, 0.00, 0.00, 0.00, 1.00, 0.00, 0.00, 0.00, 0.00, 0.00, 1.00, 0.00, 0.00, 0.00, 0.00, 0.00, 0.00, 0.00, 0.00
56,  0,  1.835,  0.98,  1, 0.07, 0.00, 0.00, 0.00, 0.00, 0.00, 0.00, 0.00, 0.00, 0.62, 0.00, 0.01, 0.01, 0.02, 0.00, 0.09, 0.00, 0.00, 0.00, 0.00, 1.00, 0.00, 0.00, 0.00, 0.00, 0.00, 1.00, 0.00, 0.00, 0.00, 0.00, 0.00, 0.00, 0.00, 0.00
57,  0,  1.869,  0.98,  1, 0.07, 0.01, 0.00, 0.00, 0.00, 0.00, 0.00, 0.00, 0.00, 0.60, 0.00, 0.01, 0.01, 0.00, 0.02, 0.03, 0.00, 0.00, 0.00, 0.00, 1.00, 0.00, 0.00, 0.00, 0.00, 0.00, 1.00, 0.00, 0.00, 0.00, 0.00, 0.00, 0.00, 0.00, 0.00
58,  0,  1.902,  0.98,  1, 0.03, 0.02, 0.00, 0.00, 0.00, 0.00, 0.00, 0.00, 0.00, 0.58, 0.00, 0.01, 0.01, 0.00, 0.05, 0.02, 0.00, 0.00, 0.00, 0.00, 0.00, 0.00, 0.00, 0.00, 0.00, 0.00, 1.00, 0.00, 0.00, 0.00, 0.00, 0.00, 0.00, 0.00, 0.00
59,  0,  1.935,  0.98,  1, 0.00, 0.02, 0.00, 0.00, 0.00, 0.00, 0.00, 0.00, 0.00, 0.69, 0.00, 0.00, 0.00, 0.00, 0.04, 0.00, 0.00, 0.00, 0.00, 0.00, 0.00, 0.00, 0.00, 0.00, 0.00, 0.00, 1.00, 0.00, 0.00, 0.00, 0.00, 0.00, 0.00, 0.00, 0.00
60,  0,  1.969,  0.98,  1, 0.00, 0.00, 0.00, 0.00, 0.00, 0.00, 0.00, 0.00, 0.00, 0.77, 0.00, 0.00, 0.00, 0.00, 0.06, 0.00, 0.00, 0.00, 0.00, 0.00, 0.00, 0.00, 0.00, 0.00, 0.00, 0.00, 1.00, 0.00, 0.00, 0.00, 0.00, 0.00, 0.00, 0.00, 0.00
61,  0,  2.002,  0.98,  1, 0.00, 0.00, 0.00, 0.00, 0.00, 0.00, 0.00, 0.00, 0.00, 0.61, 0.00, 0.00, 0.03, 0.01, 0.03, 0.01, 0.06, 0.00, 0.00, 0.00, 0.00, 0.00, 0.00, 0.00, 0.00, 0.00, 1.00, 0.00, 0.00, 0.00, 0.00, 0.00, 0.00, 0.00, 0.00
62,  0,  2.035,  0.98,  1, 0.00, 0.00, 0.00, 0.00, 0.00, 0.00, 0.00, 0.00, 0.00, 0.33, 0.00, 0.00, 0.04, 0.03, 0.03, 0.04, 0.07, 0.00, 0.00, 0.00, 0.00, 0.00, 0.00, 0.00, 0.00, 0.00, 1.00, 0.00, 0.00, 0.00, 0.00, 0.00, 0.00, 0.00, 0.00
63,  0,  2.069,  0.98,  1, 0.00, 0.00, 0.00, 0.00, 0.00, 0.00, 0.00, 0.00, 0.00, 0.11, 0.00, 0.00, 0.04, 0.03, 0.00, 0.06, 0.07, 0.00, 0.00, 0.00, 0.00, 0.00, 0.00, 0.00, 0.00, 0.00, 1.00, 0.00, 0.00, 0.00, 0.00, 0.00, 0.00, 0.00, 0.00
64,  0,  2.102,  0.98,  1, 0.00, 0.00, 0.00, 0.00, 0.00, 0.00, 0.00, 0.00, 0.00, 0.16, 0.00, 0.00, 0.02, 0.02, 0.00, 0.09, 0.02, 0.00, 0.00, 0.00, 0.00, 0.00, 0.00, 0.00, 0.00, 0.00, 1.00, 0.00, 0.00, 0.00, 0.00, 0.00, 0.00, 0.00, 0.00
65,  0,  2.135,  0.98,  1, 0.00, 0.00, 0.00, 0.00, 0.00, 0.00, 0.00, 0.00, 0.00, 0.26, 0.00, 0.00, 0.00, 0.00, 0.00, 0.07, 0.00, 0.00, 0.00, 0.00, 0.00, 0.00, 0.00, 0.00, 0.00, 0.00, 1.00, 0.00, 0.00, 0.00, 0.00, 0.00, 0.00, 0.00, 0.00
66,  0,  2.169,  0.98,  1, 0.00, 0.00, 0.00, 0.00, 0.00, 0.00, 0.00, 0.00, 0.00, 0.37, 0.00, 0.00, 0.00, 0.00, 0.00, 0.05, 0.00, 0.00, 0.00, 0.00, 0.00, 0.00, 0.00, 0.00, 0.00, 0.00, 1.00, 0.00, 0.00, 0.00, 0.00, 0.00, 0.00, 0.00, 0.00
67,  0,  2.202,  0.98,  1, 0.00, 0.00, 0.00, 0.00, 0.00, 0.00, 0.00, 0.00, 0.00, 0.33, 0.00, 0.00, 0.07, 0.00, 0.00, 0.00, 0.00, 0.00, 0.00, 0.00, 0.00, 0.00, 0.00, 0.00, 0.00, 0.00, 1.00, 0.00, 0.00, 0.00, 0.00, 0.00, 0.00, 0.00, 0.00
68,  0,  2.236,  0.98,  1, 0.00, 0.00, 0.00, 0.00, 0.00, 0.00, 0.00, 0.00, 0.00, 0.24, 0.00, 0.00, 0.13, 0.00, 0.00, 0.00, 0.00, 0.00, 0.00, 0.00, 0.00, 0.00, 0.00, 0.00, 0.00, 0.00, 1.00, 0.00, 0.00, 0.00, 0.00, 0.00, 0.00, 0.00, 0.00
69,  0,  2.269,  0.98,  1, 0.05, 0.00, 0.00, 0.00, 0.00, 0.00, 0.00, 0.00, 0.00, 0.26, 0.00, 0.00, 0.18, 0.00, 0.00, 0.00, 0.00, 0.00, 0.00, 0.00, 1.00, 0.00, 0.00, 0.00, 0.00, 0.00, 1.00, 0.00, 0.00, 0.00, 0.00, 0.00, 0.00, 0.00, 0.00
70,  0,  2.302,  0.98,  1, 0.11, 0.00, 0.00, 0.00, 0.00, 0.00, 0.00, 0.00, 0.00, 0.38, 0.00, 0.00, 0.15, 0.00, 0.00, 0.00, 0.00, 0.00, 0.00, 0.00, 0.00, 0.00, 0.00, 0.00, 0.00, 0.00, 1.00, 0.00, 0.00, 0.00, 0.00, 0.00, 0.00, 0.00, 0.00
71,  0,  2.336,  0.98,  1, 0.11, 0.00, 0.00, 0.00, 0.00, 0.00, 0.00, 0.00, 0.00, 0.47, 0.00, 0.00, 0.15, 0.00, 0.00, 0.00, 0.00, 0.00, 0.00, 0.00, 0.00, 0.00, 0.00, 0.00, 0.00, 0.00, 1.00, 0.00, 0.00, 0.00, 0.00, 0.00, 0.00, 0.00, 0.00
72,  0,  2.369,  0.98,  1, 0.05, 0.00, 0.00, 0.00, 0.00, 0.00, 0.00, 0.00, 0.00, 0.43, 0.00, 0.00, 0.17, 0.00, 0.00, 0.00, 0.00, 0.00, 0.00, 0.00, 0.00, 0.00, 0.00, 0.00, 0.00, 0.00, 1.00, 0.00, 0.00, 0.00, 0.00, 0.00, 0.00, 0.00, 0.00
73,  0,  2.402,  0.98,  1, 0.06, 0.00, 0.00, 0.00, 0.00, 0.00, 0.00, 0.00, 0.00, 0.39, 0.00, 0.04, 0.24, 0.01, 0.00, 0.00, 0.00, 0.00, 0.00, 0.00, 0.00, 0.00, 0.00, 0.00, 0.00, 0.00, 1.00, 0.00, 0.00, 0.00, 0.00, 0.00, 0.00, 0.00, 0.00
74,  0,  2.436,  0.98,  1, 0.12, 0.00, 0.00, 0.00, 0.00, 0.00, 0.00, 0.00, 0.00, 0.36, 0.00, 0.11, 0.30, 0.02, 0.00, 0.00, 0.00, 0.00, 0.00, 0.00, 0.00, 0.00, 0.00, 0.00, 0.00, 0.00, 1.00, 0.00, 0.00, 0.00, 0.00, 0.00, 0.00, 0.00, 0.00
75,  0,  2.469,  0.98,  1, 0.12, 0.00, 0.00, 0.00, 0.00, 0.00, 0.00, 0.00, 0.00, 0.43, 0.00, 0.15, 0.27, 0.07, 0.00, 0.01, 0.00, 0.00, 0.00, 0.00, 0.00, 0.00, 0.00, 0.00, 0.00, 0.00, 1.00, 0.00, 0.00, 0.00, 0.00, 0.00, 0.00, 0.00, 0.00
76,  0,  2.503,  0.98,  1, 0.06, 0.00, 0.00, 0.00, 0.00, 0.00, 0.00, 0.00, 0.00, 0.53, 0.00, 0.14, 0.20, 0.11, 0.00, 0.02, 0.00, 0.00, 0.00, 0.00, 0.00, 0.00, 0.00, 0.00, 0.00, 0.00, 1.00, 0.00, 0.00, 0.00, 0.00, 0.00, 0.00, 0.00, 0.00
77,  0,  2.536,  0.98,  1, 0.02, 0.00, 0.00, 0.00, 0.00, 0.00, 0.00, 0.00, 0.00, 0.66, 0.00, 0.16, 0.17, 0.12, 0.00, 0.02, 0.00, 0.00, 0.00, 0.00, 0.00, 0.00, 0.00, 0.00, 0.00, 0.00, 1.00, 0.00, 0.00, 0.00, 0.00, 0.00, 0.00, 0.00, 0.00
78,  0,  2.569,  0.98,  1, 0.02, 0.00, 0.00, 0.00, 0.00, 0.00, 0.00, 0.00, 0.00, 0.64, 0.00, 0.19, 0.22, 0.10, 0.00, 0.01, 0.00, 0.00, 0.00, 0.00, 0.00, 0.00, 0.00, 0.00, 0.00, 0.00, 1.00, 0.00, 0.00, 0.00, 0.00, 0.00, 0.00, 0.00, 0.00
79,  0,  2.603,  0.98,  1, 0.08, 0.00, 0.00, 0.00, 0.00, 0.00, 0.00, 0.00, 0.00, 0.50, 0.00, 0.28, 0.18, 0.07, 0.00, 0.00, 0.00, 0.00, 0.00, 0.00, 1.00, 0.00, 0.00, 0.00, 0.00, 0.00, 1.00, 0.00, 0.00, 0.00, 0.00, 0.00, 0.00, 0.00, 0.00
80,  0,  2.636,  0.98,  1, 0.10, 0.00, 0.00, 0.00, 0.00, 0.00, 0.00, 0.00, 0.00, 0.36, 0.00, 0.30, 0.09, 0.05, 0.00, 0.00, 0.00, 0.00, 0.00, 0.00, 1.00, 0.00, 0.00, 0.00, 0.00, 0.00, 1.00, 0.00, 0.00, 0.00, 0.00, 0.00, 0.00, 0.00, 0.00
81,  0,  2.669,  0.98,  1, 0.10, 0.00, 0.00, 0.00, 0.00, 0.00, 0.00, 0.00, 0.00, 0.34, 0.00, 0.27, 0.00, 0.06, 0.00, 0.00, 0.00, 0.00, 0.00, 0.00, 1.00, 0.00, 0.00, 0.00, 0.00, 0.00, 1.00, 0.00, 0.00, 0.00, 0.00, 0.00, 0.00, 0.00, 0.00
82,  0,  2.703,  0.98,  1, 0.05, 0.00, 0.00, 0.00, 0.00, 0.00, 0.00, 0.00, 0.00, 0.43, 0.00, 0.18, 0.00, 0.07, 0.00, 0.02, 0.00, 0.00, 0.00, 0.00, 1.00, 0.00, 0.00, 0.00, 0.00, 0.00, 1.00, 0.00, 0.00, 0.00, 0.00, 0.00, 0.00, 0.00, 0.00
83,  0,  2.736,  0.98,  1, 0.00, 0.00, 0.00, 0.00, 0.00, 0.00, 0.00, 0.00, 0.00, 0.66, 0.00, 0.12, 0.00, 0.09, 0.00, 0.04, 0.00, 0.00, 0.00, 0.00, 1.00, 0.00, 0.00, 0.00, 0.00, 0.00, 1.00, 0.00, 0.00, 0.00, 0.00, 0.00, 0.00, 0.00, 0.00
84,  0,  2.769,  0.98,  1, 0.00, 0.00, 0.00, 0.00, 0.00, 0.00, 0.00, 0.00, 0.00, 0.77, 0.00, 0.13, 0.00, 0.09, 0.00, 0.04, 0.00, 0.00, 0.00, 0.00, 1.00, 0.00, 0.00, 0.00, 0.00, 0.00, 1.00, 0.00, 0.00, 0.00, 0.00, 0.00, 0.00, 0.00, 0.00
85,  0,  2.803,  0.98,  1, 0.03, 0.01, 0.00, 0.00, 0.00, 0.00, 0.00, 0.00, 0.00, 0.83, 0.00, 0.09, 0.05, 0.05, 0.00, 0.08, 0.00, 0.00, 0.00, 0.00, 1.00, 0.00, 0.00, 0.00, 0.00, 0.00, 1.00, 0.00, 0.00, 0.00, 0.00, 0.00, 0.00, 0.00, 0.00
86,  0,  2.836,  0.98,  1, 0.03, 0.01, 0.00, 0.00, 0.00, 0.00, 0.00, 0.00, 0.00, 0.79, 0.00, 0.05, 0.05, 0.04, 0.00, 0.10, 0.00, 0.00, 0.00, 0.00, 1.00, 0.00, 0.00, 0.00, 0.00, 0.00, 1.00, 0.00, 0.00, 0.00, 0.00, 0.00, 0.00, 0.00, 0.00
87,  0,  2.870,  0.98,  1, 0.03, 0.01, 0.00, 0.00, 0.00, 0.00, 0.00, 0.00, 0.00, 0.78, 0.00, 0.00, 0.05, 0.05, 0.00, 0.14, 0.00, 0.00, 0.00, 0.00, 1.00, 0.00, 0.00, 0.00, 0.00, 0.00, 1.00, 0.00, 0.00, 0.00, 0.00, 0.00, 0.00, 0.00, 0.00
88,  0,  2.903,  0.98,  1, 0.00, 0.00, 0.00, 0.00, 0.00, 0.00, 0.00, 0.00, 0.00, 0.87, 0.00, 0.00, 0.02, 0.09, 0.00, 0.11, 0.00, 0.00, 0.00, 0.00, 1.00, 0.00, 0.00, 0.00, 0.00, 0.00, 1.00, 0.00, 0.00, 0.00, 0.00, 0.00, 0.00, 0.00, 0.00
89,  0,  2.936,  0.98,  1, 0.00, 0.00, 0.00, 0.00, 0.00, 0.00, 0.00, 0.00, 0.00, 0.81, 0.00, 0.00, 0.02, 0.10, 0.00, 0.11, 0.00, 0.00, 0.00, 0.00, 1.00, 0.00, 0.00, 0.00, 0.00, 0.00, 1.00, 0.00, 0.00, 0.00, 0.00, 0.00, 0.00, 0.00, 0.00
90,  0,  2.970,  0.98,  1, 0.00, 0.00, 0.00, 0.00, 0.00, 0.00, 0.00, 0.00, 0.00, 0.62, 0.00, 0.00, 0.02, 0.07, 0.00, 0.11, 0.00, 0.00, 0.00, 0.00, 1.00, 0.00, 0.00, 0.00, 0.00, 0.00, 1.00, 0.00, 0.00, 0.00, 0.00, 0.00, 0.00, 0.00, 0.00
91,  0,  3.003,  0.98,  1, 0.00, 0.00, 0.00, 0.00, 0.00, 0.00, 0.00, 0.00, 0.00, 0.51, 0.00, 0.00, 0.00, 0.03, 0.07, 0.09, 0.00, 0.00, 0.00, 0.00, 1.00, 0.00, 0.00, 0.00, 0.00, 0.00, 1.00, 0.00, 0.00, 0.00, 0.00, 0.00, 0.00, 0.00, 0.00
92,  0,  3.036,  0.98,  1, 0.02, 0.00, 0.00, 0.00, 0.00, 0.00, 0.00, 0.00, 0.00, 0.52, 0.00, 0.00, 0.00, 0.02, 0.12, 0.04, 0.00, 0.00, 0.00, 0.00, 1.00, 0.00, 0.00, 0.00, 0.00, 0.00, 1.00, 0.00, 0.00, 0.00, 0.00, 0.00, 0.00, 0.00, 0.00
93,  0,  3.070,  0.98,  1, 0.05, 0.00, 0.00, 0.00, 0.00, 0.00, 0.00, 0.00, 0.00, 0.60, 0.00, 0.00, 0.00, 0.00, 0.13, 0.00, 0.00, 0.00, 0.00, 0.00, 1.00, 0.00, 0.00, 0.00, 0.00, 0.00, 1.00, 0.00, 0.00, 0.00, 0.00, 0.00, 0.00, 0.00, 0.00
94,  0,  3.103,  0.98,  1, 0.09, 0.00, 0.00, 0.00, 0.00, 0.00, 0.00, 0.00, 0.00, 0.57, 0.00, 0.00, 0.00, 0.00, 0.12, 0.01, 0.00, 0.00, 0.00, 0.00, 0.00, 0.00, 0.00, 0.00, 0.00, 0.00, 1.00, 0.00, 0.00, 0.00, 0.00, 0.00, 0.00, 0.00, 0.00
95,  0,  3.136,  0.98,  1, 0.11, 0.00, 0.00, 0.00, 0.00, 0.00, 0.00, 0.00, 0.00, 0.51, 0.00, 0.00, 0.00, 0.00, 0.07, 0.01, 0.00, 0.00, 0.00, 0.00, 0.00, 0.00, 0.00, 0.00, 0.00, 0.00, 1.00, 0.00, 0.00, 0.00, 0.00, 0.00, 0.00, 0.00, 0.00
96,  0,  3.170,  0.98,  1, 0.10, 0.00, 0.00, 0.00, 0.00, 0.00, 0.00, 0.00, 0.00, 0.49, 0.00, 0.00, 0.00, 0.00, 0.06, 0.01, 0.00, 0.00, 0.00, 0.00, 0.00, 0.00, 0.00, 0.00, 0.00, 0.00, 1.00, 0.00, 0.00, 0.00, 0.00, 0.00, 0.00, 0.00, 0.00
97,  0,  3.203,  0.98,  1, 0.10, 0.00, 0.00, 0.00, 0.00, 0.00, 0.00, 0.00, 0.00, 0.54, 0.00, 0.00, 0.00, 0.01, 0.05, 0.02, 0.00, 0.00, 0.00, 0.00, 0.00, 0.00, 0.00, 0.00, 0.00, 0.00, 1.00, 0.00, 0.00, 0.00, 0.00, 0.00, 0.00, 0.00, 0.00
98,  0,  3.237,  0.98,  1, 0.09, 0.00, 0.00, 0.00, 0.00, 0.00, 0.00, 0.00, 0.00, 0.55, 0.00, 0.00, 0.00, 0.03, 0.08, 0.02, 0.00, 0.00, 0.00, 0.00, 0.00, 0.00, 0.00, 0.00, 0.00, 0.00, 1.00, 0.00, 0.00, 0.00, 0.00, 0.00, 0.00, 0.00, 0.00
99,  0,  3.270,  0.98,  1, 0.07, 0.00, 0.00, 0.00, 0.01, 0.00, 0.00, 0.00, 0.00, 0.62, 0.00, 0.00, 0.04, 0.03, 0.08, 0.10, 0.00, 0.00, 0.00, 0.00, 0.00, 0.00, 0.00, 0.00, 0.00, 0.00, 1.00, 0.00, 0.00, 0.00, 0.00, 0.00, 0.00, 0.00, 0.00
100,  0,  3.303,  0.98,  1, 0.03, 0.00, 0.00, 0.00, 0.01, 0.00, 0.00, 0.00, 0.00, 0.62, 0.00, 0.00, 0.04, 0.01, 0.03, 0.17, 0.00, 0.00, 0.00, 0.00, 1.00, 0.00, 0.00, 0.00, 0.00, 0.00, 1.00, 0.00, 0.00, 0.00, 0.00, 0.00, 0.00, 0.00, 0.00
101,  0,  3.337,  0.98,  1, 0.00, 0.00, 0.00, 0.00, 0.01, 0.00, 0.00, 0.00, 0.00, 0.67, 0.00, 0.00, 0.05, 0.00, 0.00, 0.33, 0.00, 0.00, 0.00, 0.00, 1.00, 0.00, 0.00, 0.00, 0.00, 0.00, 1.00, 0.00, 0.00, 0.00, 0.00, 0.00, 0.00, 0.00, 0.00
102,  0,  3.370,  0.98,  1, 0.00, 0.00, 0.00, 0.00, 0.00, 0.00, 0.00, 0.00, 0.00, 0.61, 0.00, 0.00, 0.01, 0.00, 0.00, 0.38, 0.00, 0.00, 0.00, 0.00, 1.00, 0.00, 0.00, 0.00, 0.00, 0.00, 1.00, 0.00, 0.00, 0.00, 0.00, 0.00, 0.00, 0.00, 0.00
103,  0,  3.403,  0.98,  1, 0.00, 0.00, 0.00, 0.00, 0.00, 0.00, 0.00, 0.00, 0.00, 0.52, 0.00, 0.00, 0.01, 0.00, 0.00, 0.32, 0.00, 0.00, 0.00, 0.00, 1.00, 0.00, 0.00, 0.00, 0.00, 0.00, 1.00, 0.00, 0.00, 0.00, 0.00, 0.00, 0.00, 0.00, 0.00
104,  0,  3.437,  0.98,  1, 0.00, 0.00, 0.00, 0.00, 0.00, 0.00, 0.00, 0.00, 0.00, 0.43, 0.00, 0.00, 0.01, 0.00, 0.00, 0.18, 0.00, 0.00, 0.00, 0.00, 1.00, 0.00, 0.00, 0.00, 0.00, 0.00, 1.00, 0.00, 0.00, 0.00, 0.00, 0.00, 0.00, 0.00, 0.00
105,  0,  3.470,  0.98,  1, 0.00, 0.00, 0.00, 0.00, 0.00, 0.00, 0.00, 0.00, 0.00, 0.39, 0.00, 0.00, 0.12, 0.00, 0.03, 0.05, 0.00, 0.00, 0.00, 0.00, 1.00, 0.00, 0.00, 0.00, 0.00, 0.00, 1.00, 0.00, 0.00, 0.00, 0.00, 0.00, 0.00, 0.00, 0.00
106,  0,  3.504,  0.98,  1, 0.00, 0.00, 0.00, 0.00, 0.00, 0.00, 0.00, 0.00, 0.00, 0.40, 0.00, 0.00, 0.23, 0.00, 0.05, 0.02, 0.00, 0.00, 0.00, 0.00, 1.00, 0.00, 0.00, 0.00, 0.00, 0.00, 1.00, 0.00, 0.00, 0.00, 0.00, 0.00, 0.00, 0.00, 0.00
107,  0,  3.537,  0.98,  1, 0.00, 0.00, 0.00, 0.00, 0.00, 0.00, 0.00, 0.00, 0.00, 0.42, 0.00, 0.00, 0.22, 0.00, 0.05, 0.03, 0.00, 0.00, 0.00, 0.00, 1.00, 0.00, 0.00, 0.00, 0.00, 0.00, 1.00, 0.00, 0.00, 0.00, 0.00, 0.00, 0.00, 0.00, 0.00
108,  0,  3.570,  0.98,  1, 0.00, 0.00, 0.00, 0.00, 0.00, 0.00, 0.00, 0.00, 0.00, 0.42, 0.00, 0.00, 0.11, 0.00, 0.02, 0.07, 0.00, 0.00, 0.00, 0.00, 1.00, 0.00, 0.00, 0.00, 0.00, 0.00, 1.00, 0.00, 0.00, 0.00, 0.00, 0.00, 0.00, 0.00, 0.00
109,  0,  3.604,  0.98,  1, 0.07, 0.00, 0.00, 0.00, 0.00, 0.00, 0.00, 0.00, 0.00, 0.44, 0.00, 0.00, 0.04, 0.03, 0.05, 0.07, 0.00, 0.00, 0.00, 0.00, 1.00, 0.00, 0.00, 0.00, 0.00, 0.00, 1.00, 0.00, 0.00, 0.00, 0.00, 0.00, 0.00, 0.00, 0.00
110,  0,  3.637,  0.98,  1, 0.13, 0.00, 0.00, 0.00, 0.00, 0.00, 0.00, 0.00, 0.00, 0.43, 0.00, 0.00, 0.07, 0.06, 0.10, 0.05, 0.00, 0.00, 0.00, 0.00, 1.00, 0.00, 0.00, 0.00, 0.00, 0.00, 1.00, 0.00, 0.00, 0.00, 0.00, 0.00, 0.00, 0.00, 0.00
111,  0,  3.670,  0.98,  1, 0.13, 0.00, 0.00, 0.00, 0.00, 0.00, 0.00, 0.00, 0.00, 0.48, 0.00, 0.00, 0.07, 0.08, 0.10, 0.00, 0.00, 0.00, 0.00, 0.00, 1.00, 0.00, 0.00, 0.00, 0.00, 0.00, 1.00, 0.00, 0.00, 0.00, 0.00, 0.00, 0.00, 0.00, 0.00
112,  0,  3.704,  0.98,  1, 0.06, 0.00, 0.00, 0.00, 0.00, 0.00, 0.00, 0.00, 0.00, 0.54, 0.00, 0.00, 0.03, 0.08, 0.05, 0.00, 0.00, 0.00, 0.00, 0.00, 1.00, 0.00, 0.00, 0.00, 0.00, 0.00, 1.00, 0.00, 0.00, 0.00, 0.00, 0.00, 0.00, 0.00, 0.00
113,  0,  3.737,  0.98,  1, 0.06, 0.00, 0.00, 0.00, 0.00, 0.00, 0.00, 0.00, 0.00, 0.53, 0.00, 0.00, 0.01, 0.07, 0.13, 0.04, 0.00, 0.00, 0.00, 0.00, 1.00, 0.00, 0.00, 0.00, 0.00, 0.00, 1.00, 0.00, 0.00, 0.00, 0.00, 0.00, 0.00, 0.00, 0.00
114,  0,  3.770,  0.98,  1, 0.12, 0.00, 0.00, 0.00, 0.00, 0.00, 0.00, 0.00, 0.00, 0.48, 0.00, 0.00, 0.06, 0.06, 0.24, 0.07, 0.00, 0.00, 0.00, 0.00, 1.00, 0.00, 0.00, 0.00, 0.00, 0.00, 1.00, 0.00, 0.00, 0.00, 0.00, 0.00, 0.00, 0.00, 0.00
115,  0,  3.804,  0.98,  1, 0.16, 0.00, 0.00, 0.00, 0.00, 0.00, 0.00, 0.00, 0.00, 0.43, 0.00, 0.00, 0.11, 0.07, 0.31, 0.16, 0.00, 0.00, 0.00, 0.00, 0.00, 0.00, 0.00, 0.00, 0.00, 0.00, 1.00, 0.00, 0.00, 0.00, 0.00, 0.00, 0.00, 0.00, 0.00
116,  0,  3.837,  0.98,  1, 0.13, 0.00, 0.00, 0.00, 0.00, 0.00, 0.00, 0.00, 0.00, 0.45, 0.00, 0.02, 0.11, 0.09, 0.23, 0.25, 0.00, 0.00, 0.00, 0.00, 0.00, 0.00, 0.00, 0.00, 0.00, 0.00, 1.00, 0.00, 0.00, 0.00, 0.00, 0.00, 0.00, 0.00, 0.00
117,  0,  3.871,  0.98,  1, 0.10, 0.00, 0.00, 0.00, 0.00, 0.00, 0.00, 0.00, 0.00, 0.51, 0.00, 0.02, 0.07, 0.08, 0.12, 0.23, 0.00, 0.00, 0.00, 0.00, 0.00, 0.00, 0.00, 0.00, 0.00, 0.00, 1.00, 0.00, 0.00, 0.00, 0.00, 0.00, 0.00, 0.00, 0.00
118,  0,  3.904,  0.98,  1, 0.10, 0.00, 0.00, 0.00, 0.00, 0.00, 0.00, 0.00, 0.00, 0.53, 0.00, 0.02, 0.02, 0.04, 0.08, 0.16, 0.00, 0.00, 0.00, 0.00, 0.00, 0.00, 0.00, 0.00, 0.00, 0.00, 1.00, 0.00, 0.00, 0.00, 0.00, 0.00, 0.00, 0.00, 0.00
119,  0,  3.937,  0.98,  1, 0.13, 0.00, 0.00, 0.00, 0.03, 0.00, 0.00, 0.00, 0.00, 0.58, 0.00, 0.06, 0.00, 0.05, 0.03, 0.09, 0.00, 0.00, 0.00, 0.00, 0.00, 0.00, 0.00, 0.00, 0.00, 0.00, 1.00, 0.00, 0.00, 0.00, 0.00, 0.00, 0.00, 0.00, 0.00
120,  0,  3.971,  0.98,  1, 0.14, 0.00, 0.00, 0.00, 0.03, 0.00, 0.00, 0.00, 0.00, 0.55, 0.00, 0.13, 0.00, 0.11, 0.03, 0.09, 0.00, 0.00, 0.00, 0.00, 0.00, 0.00, 0.00, 0.00, 0.00, 0.00, 1.00, 0.00, 0.00, 0.00, 0.00, 0.00, 0.00, 0.00, 0.00
121,  0,  4.004,  0.98,  1, 0.10, 0.00, 0.00, 0.00, 0.03, 0.00, 0.00, 0.00, 0.00, 0.56, 0.00, 0.14, 0.01, 0.16, 0.05, 0.10, 0.00, 0.00, 0.00, 0.00, 0.00, 0.00, 0.00, 0.00, 0.00, 0.00, 1.00, 0.00, 0.00, 0.00, 0.00, 0.00, 0.00, 0.00, 0.00
122,  0,  4.037,  0.98,  1, 0.04, 0.00, 0.00, 0.00, 0.00, 0.00, 0.00, 0.00, 0.00, 0.56, 0.00, 0.08, 0.03, 0.17, 0.10, 0.04, 0.00, 0.00, 0.00, 0.00, 0.00, 0.00, 0.00, 0.00, 0.00, 0.00, 1.00, 0.00, 0.00, 0.00, 0.00, 0.00, 0.00, 0.00, 0.00
123,  0,  4.071,  0.98,  1, 0.00, 0.00, 0.00, 0.00, 0.00, 0.00, 0.00, 0.00, 0.00, 0.56, 0.00, 0.04, 0.03, 0.12, 0.10, 0.04, 0.00, 0.00, 0.00, 0.00, 0.00, 0.00, 0.00, 0.00, 0.00, 0.00, 1.00, 0.00, 0.00, 0.00, 0.00, 0.00, 0.00, 0.00, 0.00
124,  0,  4.104,  0.98,  1, 0.00, 0.00, 0.00, 0.00, 0.00, 0.00, 0.00, 0.00, 0.00, 0.57, 0.00, 0.07, 0.02, 0.07, 0.05, 0.01, 0.00, 0.00, 0.00, 0.00, 0.00, 0.00, 0.00, 0.00, 0.00, 0.00, 1.00, 0.00, 0.00, 0.00, 0.00, 0.00, 0.00, 0.00, 0.00
125,  0,  4.137,  0.98,  1, 0.00, 0.00, 0.00, 0.00, 0.02, 0.00, 0.00, 0.00, 0.00, 0.66, 0.00, 0.07, 0.03, 0.01, 0.00, 0.01, 0.18, 0.00, 0.00, 0.00, 0.00, 0.00, 0.00, 0.00, 0.00, 0.00, 1.00, 0.00, 0.00, 0.00, 0.00, 0.00, 0.00, 0.00, 0.00
126,  0,  4.171,  0.98,  1, 0.00, 0.00, 0.00, 0.00, 0.06, 0.00, 0.00, 0.00, 0.00, 0.79, 0.00, 0.04, 0.09, 0.00, 0.00, 0.04, 0.38, 0.00, 0.00, 0.00, 0.00, 0.00, 0.00, 0.00, 0.00, 0.00, 1.00, 0.00, 0.00, 0.00, 0.00, 0.00, 0.00, 0.00, 1.00
127,  0,  4.204,  0.98,  1, 0.12, 0.00, 0.00, 0.00, 0.06, 0.00, 0.00, 0.00, 0.00, 0.81, 0.00, 0.06, 0.15, 0.00, 0.05, 0.04, 1.10, 0.00, 0.00, 0.00, 0.00, 0.00, 0.00, 0.00, 0.00, 0.00, 1.00, 0.00, 0.00, 0.00, 0.00, 0.00, 0.00, 0.00, 1.00
128,  0,  4.238,  0.98,  1, 0.24, 0.00, 0.00, 0.00, 0.04, 0.00, 0.00, 0.00, 0.00, 0.71, 0.00, 0.08, 0.16, 0.00, 0.07, 0.03, 1.64, 0.00, 0.00, 0.00, 0.00, 0.00, 0.00, 0.00, 0.00, 0.00, 1.00, 0.00, 0.00, 0.00, 0.00, 0.00, 0.00, 0.00, 1.00
129,  0,  4.271,  0.98,  1, 0.37, 0.16, 0.00, 0.00, 0.00, 0.00, 0.00, 0.00, 0.00, 0.66, 0.00, 0.09, 0.17, 0.00, 0.07, 0.00, 1.81, 0.00, 0.00, 0.00, 0.00, 0.00, 0.00, 0.00, 0.00, 0.00, 1.00, 0.00, 0.00, 0.00, 1.00, 0.00, 0.00, 0.00, 1.00
130,  0,  4.304,  0.98,  1, 0.38, 0.32, 0.00, 0.00, 0.00, 0.00, 0.00, 0.00, 0.00, 0.66, 0.00, 0.09, 0.14, 0.00, 0.02, 0.00, 1.48, 0.00, 0.00, 0.00, 0.00, 0.00, 0.00, 0.00, 0.00, 0.00, 1.00, 0.00, 0.00, 0.00, 1.00, 0.00, 0.00, 0.00, 1.00
131,  0,  4.338,  0.98,  1, 0.26, 0.32, 0.00, 0.00, 0.00, 0.00, 0.00, 0.00, 0.00, 0.67, 0.00, 0.07, 0.11, 0.00, 0.00, 0.00, 0.86, 0.00, 0.00, 0.00, 0.00, 0.00, 0.00, 0.00, 0.00, 0.00, 1.00, 0.00, 0.00, 0.00, 1.00, 0.00, 0.00, 0.00, 1.00
132,  0,  4.371,  0.98,  1, 0.12, 0.16, 0.00, 0.00, 0.00, 0.00, 0.00, 0.00, 0.00, 0.63, 0.00, 0.05, 0.03, 0.00, 0.00, 0.00, 0.66, 0.00, 0.00, 0.00, 0.00, 0.00, 0.00, 0.00, 0.00, 0.00, 1.00, 0.00, 0.00, 0.00, 1.00, 0.00, 0.00, 0.00, 1.00
133,  0,  4.404,  0.98,  1, 0.00, 0.00, 0.00, 0.00, 0.03, 0.00, 0.00, 0.00, 0.00, 0.67, 0.00, 0.00, 0.02, 0.00, 0.04, 0.07, 0.27, 0.00, 0.00, 0.00, 0.00, 0.00, 0.00, 0.00, 0.00, 0.00, 1.00, 0.00, 0.00, 0.00, 1.00, 0.00, 0.00, 0.00, 1.00
134,  0,  4.438,  0.98,  1, 0.00, 0.00, 0.00, 0.00, 0.05, 0.00, 0.00, 0.00, 0.00, 0.73, 0.00, 0.00, 0.04, 0.00, 0.09, 0.13, 0.17, 0.00, 0.00, 0.00, 0.00, 0.00, 0.00, 0.00, 0.00, 0.00, 1.00, 0.00, 0.00, 0.00, 1.00, 0.00, 0.00, 0.00, 0.00
135,  0,  4.471,  0.98,  1, 0.04, 0.00, 0.00, 0.00, 0.12, 0.00, 0.00, 0.00, 0.00, 0.77, 0.00, 0.01, 0.04, 0.00, 0.09, 0.16, 0.00, 0.00, 0.00, 0.00, 0.00, 0.00, 0.00, 0.00, 0.00, 0.00, 1.00, 0.00, 0.00, 0.00, 1.00, 0.00, 0.00, 0.00, 0.00
136,  0,  4.505,  0.98,  1, 0.08, 0.00, 0.00, 0.00, 0.16, 0.00, 0.00, 0.00, 0.00, 0.78, 0.00, 0.02, 0.01, 0.00, 0.05, 0.13, 0.00, 0.00, 0.00, 0.00, 0.00, 0.00, 0.00, 0.00, 0.00, 0.00, 1.00, 0.00, 0.00, 0.00, 0.00, 0.00, 0.00, 0.00, 0.00
137,  0,  4.538,  0.98,  1, 0.08, 0.00, 0.00, 0.00, 0.14, 0.00, 0.00, 0.00, 0.00, 0.66, 0.00, 0.02, 0.03, 0.00, 0.01, 0.09, 0.00, 0.00, 0.00, 0.00, 0.00, 0.00, 0.00, 0.00, 0.00, 0.00, 1.00, 0.00, 0.00, 0.00, 0.00, 0.00, 0.00, 0.00, 0.00
138,  0,  4.571,  0.98,  1, 0.04, 0.00, 0.00, 0.00, 0.07, 0.00, 0.00, 0.00, 0.00, 0.56, 0.00, 0.01, 0.05, 0.00, 0.02, 0.09, 0.00, 0.00, 0.00, 0.00, 0.00, 0.00, 0.00, 0.00, 0.00, 0.00, 1.00, 0.00, 0.00, 0.00, 0.00, 0.00, 0.00, 0.00, 0.00
139,  0,  4.605,  0.98,  1, 0.07, 0.05, 0.00, 0.00, 0.02, 0.00, 0.00, 0.00, 0.00, 0.46, 0.00, 0.00, 0.05, 0.00, 0.02, 0.18, 0.00, 0.00, 0.00, 0.00, 1.00, 0.00, 0.00, 0.00, 0.00, 0.00, 1.00, 0.00, 0.00, 0.00, 0.00, 0.00, 0.00, 0.00, 0.00
140,  0,  4.638,  0.98,  1, 0.15, 0.12, 0.00, 0.00, 0.03, 0.00, 0.00, 0.00, 0.00, 0.49, 0.00, 0.00, 0.01, 0.00, 0.01, 0.25, 0.00, 0.00, 0.00, 0.00, 1.00, 0.00, 0.00, 0.00, 0.00, 0.00, 1.00, 0.00, 0.00, 0.00, 0.00, 0.00, 0.00, 0.00, 0.00
141,  0,  4.671,  0.98,  1, 0.18, 0.12, 0.00, 0.00, 0.08, 0.00, 0.00, 0.00, 0.00, 0.55, 0.00, 0.00, 0.00, 0.00, 0.00, 0.22, 0.00, 0.00, 0.00, 0.00, 1.00, 0.00, 0.00, 0.00, 0.00, 0.00, 1.00, 0.00, 0.00, 0.00, 0.00, 0.00, 0.00, 0.00, 0.00
142,  0,  4.705,  0.98,  1, 0.12, 0.07, 0.00, 0.00, 0.09, 0.00, 0.00, 0.00, 0.00, 0.63, 0.00, 0.04, 0.00, 0.00, 0.00, 0.10, 0.00, 0.00, 0.00, 0.00, 1.00, 0.00, 0.00, 0.00, 0.00, 0.00, 1.00, 0.00, 0.00, 0.00, 0.00, 0.00, 0.00, 0.00, 0.00
143,  0,  4.738,  0.98,  1, 0.05, 0.00, 0.00, 0.00, 0.08, 0.00, 0.00, 0.00, 0.00, 0.72, 0.00, 0.05, 0.01, 0.00, 0.01, 0.01, 0.00, 0.00, 0.00, 0.00, 1.00, 0.00, 0.00, 0.00, 0.00, 0.00, 1.00, 0.00, 0.00, 0.00, 0.00, 0.00, 0.00, 0.00, 0.00
144,  0,  4.771,  0.98,  1, 0.04, 0.00, 0.00, 0.00, 0.03, 0.00, 0.00, 0.00, 0.00, 0.77, 0.00, 0.05, 0.01, 0.00, 0.01, 0.01, 0.00, 0.00, 0.00, 0.00, 1.00, 0.00, 0.00, 0.00, 0.00, 0.00, 1.00, 0.00, 0.00, 0.00, 0.00, 0.00, 0.00, 0.00, 0.00
145,  0,  4.805,  0.98,  1, 0.19, 0.00, 0.00, 0.00, 0.02, 0.00, 0.00, 0.00, 0.00, 0.78, 0.00, 0.02, 0.01, 0.00, 0.02, 0.00, 0.52, 0.00, 0.00, 0.00, 1.00, 0.00, 0.00, 0.00, 0.00, 0.00, 1.00, 0.00, 0.00, 0.00, 0.00, 0.00, 0.00, 0.00, 0.00
146,  0,  4.838,  0.98,  1, 0.34, 0.00, 0.00, 0.00, 0.05, 0.00, 0.00, 0.00, 0.00, 0.75, 0.00, 0.00, 0.00, 0.00, 0.04, 0.00, 1.07, 0.00, 0.00, 0.00, 0.00, 0.00, 0.00, 0.00, 0.00, 0.00, 1.00, 0.00, 0.00, 0.00, 0.00, 0.00, 0.00, 0.00, 1.00
147,  0,  4.872,  0.98,  1, 0.48, 0.04, 0.00, 0.00, 0.05, 0.00, 0.00, 0.00, 0.00, 0.78, 0.00, 0.02, 0.03, 0.00, 0.04, 0.00, 2.10, 0.00, 0.00, 0.00, 0.00, 0.00, 0.00, 0.00, 0.00, 0.00, 1.00, 0.00, 0.00, 0.00, 0.00, 0.00, 0.00, 0.00, 1.00
148,  0,  4.905,  0.98,  1, 0.47, 0.07, 0.00, 0.00, 0.02, 0.00, 0.00, 0.00, 0.00, 0.78, 0.00, 0.07, 0.03, 0.00, 0.03, 0.00, 2.64, 0.00, 0.00, 0.00, 0.00, 0.00, 0.00, 0.00, 0.00, 0.00, 1.00, 0.00, 0.00, 0.00, 0.00, 0.00, 0.00, 0.00, 1.00
149,  0,  4.938,  0.98,  1, 0.45, 0.11, 0.00, 0.00, 0.03, 0.00, 0.00, 0.00, 0.00, 0.89, 0.00, 0.07, 0.05, 0.00, 0.00, 0.00, 2.67, 0.00, 0.00, 0.00, 0.00, 0.00, 0.00, 0.00, 0.00, 0.00, 1.00, 0.00, 0.00, 0.00, 0.00, 0.00, 0.00, 0.00, 1.00
150,  0,  4.972,  0.98,  1, 0.38, 0.12, 0.00, 0.00, 0.05, 0.00, 0.00, 0.00, 0.00, 0.83, 0.00, 0.06, 0.02, 0.00, 0.00, 0.00, 2.22, 0.00, 0.00, 0.00, 0.00, 0.00, 0.00, 0.00, 0.00, 0.00, 1.00, 0.00, 0.00, 0.00, 0.00, 0.00, 0.00, 0.00, 1.00
151,  0,  5.005,  0.98,  1, 0.30, 0.08, 0.00, 0.00, 0.09, 0.00, 0.00, 0.00, 0.00, 0.94, 0.00, 0.03, 0.02, 0.00, 0.06, 0.04, 1.26, 0.00, 0.00, 0.00, 0.00, 0.00, 0.00, 0.00, 0.00, 0.00, 1.00, 0.00, 0.00, 0.00, 0.00, 0.00, 0.00, 0.00, 1.00
152,  0,  5.038,  0.98,  1, 0.25, 0.04, 0.00, 0.00, 0.11, 0.00, 0.00, 0.00, 0.00, 0.95, 0.00, 0.04, 0.00, 0.00, 0.10, 0.06, 0.77, 0.00, 0.00, 0.00, 0.00, 0.00, 0.00, 0.00, 0.00, 0.00, 1.00, 0.00, 0.00, 0.00, 0.00, 0.00, 0.00, 0.00, 1.00
153,  0,  5.072,  0.98,  1, 0.22, 0.00, 0.00, 0.00, 0.08, 0.00, 0.00, 0.00, 0.00, 0.96, 0.00, 0.06, 0.00, 0.00, 0.20, 0.06, 0.24, 0.00, 0.00, 0.00, 0.00, 0.00, 0.00, 0.00, 0.00, 0.00, 1.00, 0.00, 0.00, 0.00, 0.00, 0.00, 0.00, 0.00, 1.00
154,  0,  5.105,  0.98,  1, 0.21, 0.00, 0.00, 0.00, 0.04, 0.00, 0.00, 0.00, 0.00, 0.88, 0.00, 0.07, 0.00, 0.00, 0.22, 0.02, 0.21, 0.00, 0.00, 0.00, 1.00, 0.00, 0.00, 0.00, 0.00, 0.00, 1.00, 0.00, 0.00, 0.00, 0.00, 0.00, 0.00, 0.00, 1.00
155,  0,  5.138,  0.98,  1, 0.18, 0.00, 0.00, 0.00, 0.04, 0.00, 0.00, 0.00, 0.00, 0.90, 0.00, 0.05, 0.00, 0.00, 0.26, 0.00, 0.17, 0.00, 0.00, 0.00, 1.00, 0.00, 0.00, 0.00, 0.00, 0.00, 1.00, 0.00, 0.00, 0.00, 0.00, 0.00, 0.00, 0.00, 1.00
156,  0,  5.172,  0.98,  1, 0.18, 0.00, 0.00, 0.00, 0.08, 0.00, 0.00, 0.00, 0.00, 1.01, 0.00, 0.03, 0.00, 0.00, 0.27, 0.00, 0.17, 0.00, 1.00, 0.00, 1.00, 0.00, 0.00, 0.00, 0.00, 0.00, 1.00, 0.00, 0.00, 0.00, 0.00, 0.00, 0.00, 0.00, 1.00
157,  0,  5.205,  0.98,  1, 0.43, 0.29, 0.00, 0.00, 0.13, 0.00, 0.00, 0.00, 0.00, 1.03, 0.00, 0.00, 0.02, 0.00, 0.26, 0.00, 0.88, 0.00, 1.00, 0.00, 1.00, 0.00, 0.00, 0.00, 0.00, 0.00, 1.00, 0.00, 0.00, 0.00, 0.00, 0.00, 0.00, 0.00, 1.00
158,  0,  5.239,  0.98,  1, 0.73, 0.54, 0.00, 0.00, 0.14, 0.00, 0.00, 0.00, 0.00, 0.99, 0.00, 0.00, 0.03, 0.00, 0.24, 0.00, 1.57, 1.00, 1.00, 0.00, 0.00, 0.00, 0.00, 0.00, 0.00, 0.00, 1.00, 0.00, 0.00, 0.00, 0.00, 0.00, 0.00, 0.00, 1.00
159,  0,  5.272,  0.98,  1, 1.08, 0.86, 0.00, 0.00, 0.15, 0.00, 0.00, 0.00, 0.01, 0.97, 0.00, 0.00, 0.03, 0.00, 0.13, 0.02, 1.93, 1.00, 1.00, 0.00, 0.00, 0.00, 0.00, 0.00, 0.00, 0.00, 1.00, 0.00, 0.00, 0.00, 0.00, 0.00, 0.00, 0.00, 1.00
160,  0,  5.305,  0.98,  1, 1.18, 0.94, 0.00, 0.00, 0.17, 0.00, 0.00, 0.00, 0.02, 1.05, 0.00, 0.00, 0.01, 0.00, 0.07, 0.04, 1.58, 1.00, 1.00, 0.00, 0.00, 0.00, 0.00, 0.00, 0.00, 0.00, 1.00, 0.00, 0.00, 0.00, 0.00, 0.00, 0.00, 0.00, 1.00
161,  0,  5.339,  0.98,  1, 1.27, 0.94, 0.00, 0.00, 0.14, 0.00, 0.00, 0.00, 0.06, 1.14, 0.00, 0.00, 0.00, 0.00, 0.01, 0.04, 0.91, 1.00, 1.00, 0.00, 0.00, 0.00, 0.00, 0.00, 0.00, 0.00, 1.00, 0.00, 0.00, 0.00, 0.00, 0.00, 0.00, 0.00, 1.00
162,  0,  5.372,  0.98,  1, 1.30, 0.89, 0.00, 0.00, 0.12, 0.00, 0.00, 0.00, 0.11, 1.20, 0.00, 0.00, 0.00, 0.00, 0.01, 0.02, 0.61, 1.00, 1.00, 0.00, 0.00, 0.00, 0.00, 0.00, 0.00, 0.00, 1.00, 0.00, 0.00, 0.00, 0.00, 0.00, 0.00, 0.00, 1.00
163,  0,  5.405,  0.98,  1, 1.35, 0.78, 0.00, 0.00, 0.12, 0.00, 0.00, 0.00, 0.16, 1.20, 0.00, 0.00, 0.00, 0.00, 0.01, 0.02, 0.47, 1.00, 1.00, 0.00, 0.00, 0.00, 0.00, 0.00, 0.00, 0.00, 1.00, 0.00, 0.00, 0.00, 0.00, 0.00, 0.00, 0.00, 1.00
164,  0,  5.439,  0.98,  1, 1.40, 0.78, 0.00, 0.00, 0.17, 0.00, 0.00, 0.00, 0.18, 1.17, 0.00, 0.00, 0.00, 0.00, 0.01, 0.04, 0.63, 1.00, 1.00, 0.00, 0.00, 0.00, 0.00, 0.00, 0.00, 0.00, 1.00, 0.00, 0.00, 0.00, 0.00, 0.00, 0.00, 0.00, 1.00
165,  0,  5.472,  0.98,  1, 1.52, 0.88, 0.00, 0.00, 0.14, 0.00, 0.00, 0.00, 0.15, 1.12, 0.00, 0.00, 0.00, 0.00, 0.10, 0.10, 1.29, 1.00, 1.00, 0.00, 0.00, 0.00, 0.00, 0.00, 0.00, 0.00, 1.00, 0.00, 0.00, 0.00, 0.00, 0.00, 0.00, 0.00, 1.00
166,  0,  5.506,  0.98,  1, 1.60, 1.02, 0.00, 0.00, 0.07, 0.00, 0.00, 0.00, 0.10, 1.14, 0.00, 0.00, 0.00, 0.00, 0.18, 0.09, 1.80, 1.00, 1.00, 0.00, 0.00, 0.00, 0.00, 0.00, 0.00, 0.00, 1.00, 0.00, 0.00, 0.00, 0.00, 0.00, 0.00, 0.00, 1.00
167,  0,  5.539,  0.98,  1, 1.53, 1.00, 0.00, 0.00, 0.05, 0.00, 0.00, 0.00, 0.12, 1.16, 0.00, 0.00, 0.00, 0.00, 0.22, 0.07, 1.93, 1.00, 1.00, 0.00, 0.00, 0.00, 0.00, 0.00, 0.00, 0.00, 1.00, 0.00, 0.00, 0.00, 0.00, 0.00, 1.00, 0.00, 1.00
168,  0,  5.572,  0.98,  1, 1.42, 0.87, 0.00, 0.00, 0.09, 0.00, 0.00, 0.00, 0.20, 1.17, 0.00, 0.00, 0.00, 0.00, 0.17, 0.01, 1.58, 1.00, 1.00, 0.00, 0.00, 0.00, 0.00, 0.00, 0.00, 0.00, 1.00, 0.00, 0.00, 0.00, 0.00, 0.00, 1.00, 0.00, 1.00
169,  0,  5.606,  0.98,  1, 1.28, 0.55, 0.00, 0.00, 0.09, 0.00, 0.00, 0.00, 0.22, 1.11, 0.00, 0.00, 0.00, 0.00, 0.08, 0.03, 0.85, 1.00, 1.00, 0.00, 0.00, 0.00, 0.00, 0.00, 0.00, 0.00, 1.00, 0.00, 0.00, 0.00, 0.00, 0.00, 1.00, 0.00, 1.00
170,  0,  5.639,  0.98,  1, 1.29, 0.37, 0.00, 0.00, 0.04, 0.00, 0.00, 0.00, 0.18, 1.06, 0.00, 0.00, 0.00, 0.00, 0.05, 0.03, 0.57, 1.00, 1.00, 0.00, 0.00, 0.00, 0.00, 0.00, 0.00, 0.00, 1.00, 0.00, 0.00, 0.00, 0.00, 0.00, 0.00, 0.00, 0.00
171,  0,  5.672,  0.98,  1, 1.20, 0.18, 0.00, 0.00, 0.00, 0.00, 0.00, 0.00, 0.10, 1.07, 0.00, 0.00, 0.00, 0.00, 0.00, 0.09, 0.19, 1.00, 1.00, 0.00, 0.00, 0.00, 0.00, 0.00, 0.00, 0.00, 1.00, 0.00, 0.00, 0.00, 0.00, 0.00, 0.00, 0.00, 0.00
172,  0,  5.706,  0.98,  1, 1.15, 0.15, 0.00, 0.00, 0.00, 0.00, 0.00, 0.00, 0.09, 1.12, 0.00, 0.00, 0.00, 0.00, 0.00, 0.11, 0.14, 1.00, 1.00, 0.00, 0.00, 0.00, 0.00, 0.00, 0.00, 0.00, 1.00, 0.00, 0.00, 0.00, 0.00, 0.00, 0.00, 0.00, 0.00
173,  0,  5.739,  0.98,  1, 1.02, 0.17, 0.00, 0.00, 0.00, 0.00, 0.00, 0.00, 0.04, 1.12, 0.00, 0.00, 0.00, 0.00, 0.00, 0.11, 0.05, 1.00, 1.00, 0.00, 0.00, 0.00, 0.00, 0.00, 0.00, 0.00, 1.00, 0.00, 0.00, 0.00, 0.00, 0.00, 0.00, 0.00, 0.00
174,  0,  5.772,  0.98,  1, 0.97, 0.18, 0.00, 0.00, 0.00, 0.00, 0.00, 0.00, 0.02, 1.06, 0.00, 0.00, 0.00, 0.00, 0.00, 0.05, 0.00, 1.00, 1.00, 0.00, 0.00, 0.00, 0.00, 0.00, 0.00, 0.00, 1.00, 0.00, 0.00, 0.00, 0.00, 0.00, 0.00, 0.00, 0.00
175,  0,  5.806,  0.98,  1, 0.87, 0.21, 0.00, 0.00, 0.00, 0.00, 0.00, 0.00, 0.02, 0.97, 0.00, 0.00, 0.00, 0.00, 0.00, 0.00, 0.00, 1.00, 1.00, 0.00, 0.00, 0.00, 0.00, 0.00, 0.00, 0.00, 1.00, 0.00, 0.00, 0.00, 0.00, 0.00, 0.00, 0.00, 0.00
176,  0,  5.839,  0.98,  1, 0.85, 0.21, 0.00, 0.00, 0.00, 0.00, 0.00, 0.00, 0.03, 0.88, 0.00, 0.00, 0.02, 0.00, 0.00, 0.00, 0.00, 1.00, 1.00, 0.00, 0.00, 0.00, 0.00, 0.00, 0.00, 0.00, 1.00, 0.00, 0.00, 0.00, 0.00, 0.00, 0.00, 0.00, 0.00
177,  0,  5.873,  0.98,  1, 0.78, 0.14, 0.00, 0.00, 0.00, 0.00, 0.00, 0.00, 0.03, 0.94, 0.00, 0.00, 0.02, 0.00, 0.00, 0.04, 0.00, 1.00, 1.00, 0.00, 1.00, 0.00, 0.00, 0.00, 0.00, 0.00, 1.00, 0.00, 0.00, 0.00, 0.00, 0.00, 0.00, 0.00, 0.00
178,  0,  5.906,  0.98,  1, 0.73, 0.06, 0.00, 0.00, 0.00, 0.00, 0.00, 0.00, 0.01, 1.03, 0.00, 0.00, 0.02, 0.00, 0.00, 0.04, 0.02, 1.00, 1.00, 0.00, 1.00, 0.00, 0.00, 0.00, 0.00, 0.00, 1.00, 0.00, 0.00, 0.00, 0.00, 0.00, 0.00, 0.00, 0.00
179,  0,  5.939,  0.98,  1, 0.71, 0.08, 0.00, 0.00, 0.00, 0.00, 0.00, 0.00, 0.04, 1.13, 0.00, 0.00, 0.00, 0.00, 0.00, 0.04, 0.02, 1.00, 1.00, 0.00, 1.00, 0.00, 0.00, 0.00, 0.00, 0.00, 1.00, 0.00, 0.00, 0.00, 0.00, 0.00, 0.00, 0.00, 0.00
180,  0,  5.973,  0.98,  1, 0.79, 0.26, 0.00, 0.00, 0.00, 0.00, 0.00, 0.00, 0.06, 1.07, 0.00, 0.00, 0.00, 0.00, 0.00, 0.01, 0.02, 1.00, 1.00, 0.00, 1.00, 0.00, 0.00, 0.00, 0.00, 0.00, 1.00, 0.00, 0.00, 0.00, 0.00, 0.00, 0.00, 0.00, 0.00
181,  0,  6.006,  0.98,  1, 0.79, 0.26, 0.00, 0.00, 0.00, 0.00, 0.00, 0.00, 0.06, 0.98, 0.00, 0.06, 0.08, 0.00, 0.00, 0.01, 0.01, 1.00, 1.00, 0.00, 1.00, 0.00, 0.00, 0.00, 0.00, 0.00, 1.00, 0.00, 0.00, 0.00, 0.00, 0.00, 0.00, 0.00, 0.00
182,  0,  6.039,  0.98,  1, 0.77, 0.19, 0.00, 0.00, 0.00, 0.00, 0.00, 0.00, 0.03, 0.91, 0.00, 0.12, 0.18, 0.00, 0.00, 0.01, 0.05, 1.00, 1.00, 0.00, 1.00, 0.00, 0.00, 0.00, 0.00, 0.00, 1.00, 0.00, 0.00, 0.00, 0.00, 0.00, 0.00, 0.00, 0.00
183,  0,  6.073,  0.98,  1, 0.73, 0.00, 0.00, 0.00, 0.00, 0.00, 0.00, 0.00, 0.01, 0.87, 0.00, 0.17, 0.21, 0.00, 0.00, 0.01, 0.11, 1.00, 1.00, 0.00, 1.00, 0.00, 0.00, 0.00, 0.00, 0.00, 1.00, 0.00, 0.00, 0.00, 0.00, 0.00, 0.00, 0.00, 0.00
184,  0,  6.106,  0.98,  1, 0.74, 0.00, 0.00, 0.00, 0.00, 0.00, 0.00, 0.00, 0.01, 0.84, 0.00, 0.16, 0.17, 0.00, 0.00, 0.00, 0.14, 1.00, 1.00, 0.00, 1.00, 0.00, 0.00, 0.00, 0.00, 0.00, 1.00, 0.00, 0.00, 0.00, 0.00, 0.00, 0.00, 0.00, 0.00
185,  0,  6.139,  0.98,  1, 0.82, 0.06, 0.00, 0.00, 0.00, 0.00, 0.00, 0.00, 0.00, 0.83, 0.00, 0.14, 0.18, 0.00, 0.01, 0.00, 0.11, 1.00, 1.00, 0.00, 1.00, 0.00, 0.00, 0.00, 0.00, 0.00, 1.00, 0.00, 0.00, 0.00, 0.00, 0.00, 0.00, 0.00, 0.00
186,  0,  6.173,  0.98,  1, 0.87, 0.08, 0.00, 0.00, 0.00, 0.00, 0.00, 0.00, 0.00, 0.85, 0.00, 0.13, 0.29, 0.00, 0.04, 0.01, 0.05, 1.00, 1.00, 0.00, 1.00, 0.00, 0.00, 0.00, 0.00, 0.00, 1.00, 0.00, 0.00, 0.00, 0.00, 0.00, 0.00, 0.00, 0.00
187,  0,  6.206,  0.98,  1, 0.86, 0.08, 0.00, 0.00, 0.00, 0.00, 0.00, 0.00, 0.00, 0.88, 0.00, 0.15, 0.28, 0.00, 0.04, 0.01, 0.00, 1.00, 1.00, 0.00, 1.00, 0.00, 0.00, 0.00, 0.00, 0.00, 1.00, 0.00, 0.00, 0.00, 0.00, 0.00, 0.00, 0.00, 0.00
188,  0,  6.240,  0.98,  1, 0.74, 0.02, 0.00, 0.00, 0.00, 0.00, 0.00, 0.00, 0.00, 0.88, 0.00, 0.16, 0.23, 0.00, 0.03, 0.01, 0.00, 1.00, 1.00, 0.00, 1.00, 0.00, 0.00, 0.00, 0.00, 0.00, 1.00, 0.00, 0.00, 0.00, 0.00, 0.00, 0.00, 0.00, 0.00
189,  0,  6.273,  0.98,  1, 0.62, 0.00, 0.00, 0.00, 0.00, 0.00, 0.00, 0.00, 0.00, 0.85, 0.00, 0.14, 0.09, 0.00, 0.06, 0.07, 0.04, 1.00, 1.00, 0.00, 1.00, 0.00, 0.00, 0.00, 0.00, 0.00, 1.00, 0.00, 0.00, 0.00, 0.00, 0.00, 0.00, 0.00, 0.00
190,  0,  6.306,  0.98,  1, 0.59, 0.00, 0.00, 0.00, 0.00, 0.00, 0.00, 0.00, 0.00, 0.81, 0.00, 0.11, 0.06, 0.00, 0.14, 0.11, 0.05, 1.00, 1.00, 0.00, 1.00, 0.00, 0.00, 0.00, 0.00, 0.00, 1.00, 0.00, 0.00, 0.00, 0.00, 0.00, 0.00, 0.00, 0.00
191,  0,  6.340,  0.98,  1, 0.62, 0.00, 0.00, 0.00, 0.00, 0.00, 0.00, 0.00, 0.02, 0.79, 0.00, 0.10, 0.07, 0.00, 0.13, 0.12, 0.05, 1.00, 1.00, 0.00, 1.00, 0.00, 0.00, 0.00, 0.00, 0.00, 1.00, 0.00, 0.00, 0.00, 0.00, 0.00, 0.00, 0.00, 0.00
192,  0,  6.373,  0.98,  1, 0.64, 0.00, 0.00, 0.00, 0.00, 0.00, 0.00, 0.00, 0.02, 0.77, 0.00, 0.12, 0.11, 0.00, 0.08, 0.05, 0.02, 1.00, 1.00, 0.00, 1.00, 0.00, 0.00, 0.00, 0.00, 0.00, 1.00, 0.00, 0.00, 0.00, 0.00, 0.00, 0.00, 0.00, 0.00
193,  0,  6.406,  0.98,  1, 0.63, 0.09, 0.00, 0.00, 0.00, 0.00, 0.00, 0.00, 0.08, 0.77, 0.00, 0.15, 0.22, 0.00, 0.00, 0.16, 0.01, 1.00, 1.00, 0.00, 1.00, 0.00, 0.00, 0.00, 0.00, 0.00, 1.00, 0.00, 0.00, 0.00, 0.00, 0.00, 0.00, 0.00, 0.00
194,  0,  6.440,  0.98,  1, 0.60, 0.18, 0.00, 0.00, 0.00, 0.00, 0.00, 0.00, 0.13, 0.81, 0.00, 0.14, 0.22, 0.00, 0.00, 0.27, 0.01, 1.00, 1.00, 0.00, 1.00, 0.00, 0.00, 0.00, 0.00, 0.00, 1.00, 0.00, 0.00, 0.00, 0.00, 0.00, 0.00, 0.00, 0.00
195,  0,  6.473,  0.98,  1, 0.58, 0.24, 0.00, 0.00, 0.00, 0.00, 0.00, 0.00, 0.15, 0.86, 0.00, 0.12, 0.18, 0.00, 0.00, 0.33, 0.00, 1.00, 1.00, 0.00, 1.00, 0.00, 0.00, 0.00, 0.00, 0.00, 1.00, 0.00, 0.00, 0.00, 0.00, 0.00, 0.00, 0.00, 0.00
196,  0,  6.507,  0.98,  1, 0.58, 0.27, 0.00, 0.00, 0.00, 0.00, 0.00, 0.00, 0.14, 0.93, 0.00, 0.12, 0.07, 0.00, 0.00, 0.22, 0.00, 1.00, 1.00, 0.00, 1.00, 0.00, 0.00, 0.00, 0.00, 0.00, 1.00, 0.00, 0.00, 0.00, 0.00, 0.00, 0.00, 0.00, 0.00
197,  0,  6.540,  0.98,  1, 0.60, 0.33, 0.00, 0.00, 0.00, 0.00, 0.00, 0.00, 0.08, 1.01, 0.00, 0.13, 0.00, 0.00, 0.00, 0.10, 0.09, 1.00, 1.00, 0.00, 1.00, 0.00, 0.00, 0.00, 0.00, 0.00, 1.00, 0.00, 0.00, 0.00, 0.00, 0.00, 0.00, 0.00, 0.00
198,  0,  6.573,  0.98,  1, 0.66, 0.45, 0.00, 0.00, 0.00, 0.00, 0.00, 0.00, 0.04, 1.08, 0.00, 0.17, 0.00, 0.00, 0.00, 0.04, 0.25, 1.00, 1.00, 0.00, 1.00, 0.00, 0.00, 0.00, 0.00, 0.00, 1.00, 0.00, 0.00, 0.00, 0.00, 0.00, 0.00, 0.00, 0.00
199,  0,  6.607,  0.98,  1, 0.93, 0.61, 0.00, 0.00, 0.01, 0.00, 0.00, 0.00, 0.03, 1.07, 0.00, 0.16, 0.02, 0.00, 0.07, 0.02, 1.13, 1.00, 1.00, 0.00, 1.00, 0.00, 0.00, 0.00, 0.00, 0.00, 1.00, 0.00, 0.00, 0.00, 0.00, 0.00, 0.00, 0.00, 0.00
200,  0,  6.640,  0.98,  1, 1.13, 0.70, 0.00, 0.00, 0.01, 0.00, 0.00, 0.00, 0.06, 0.99, 0.00, 0.11, 0.08, 0.00, 0.11, 0.02, 1.95, 1.00, 1.00, 0.00, 0.00, 0.00, 0.00, 0.00, 0.00, 0.00, 1.00, 0.00, 0.00, 0.00, 0.00, 0.00, 0.00, 0.00, 1.00
201,  0,  6.673,  0.98,  1, 1.23, 0.73, 0.00, 0.00, 0.01, 0.00, 0.00, 0.00, 0.13, 0.89, 0.00, 0.04, 0.08, 0.00, 0.11, 0.02, 2.49, 1.00, 1.00, 0.00, 0.00, 0.00, 0.00, 0.00, 0.00, 0.00, 1.00, 0.00, 0.00, 0.00, 0.00, 0.00, 0.00, 0.00, 1.00
202,  0,  6.707,  0.98,  1, 1.07, 0.67, 0.00, 0.00, 0.01, 0.00, 0.00, 0.00, 0.18, 0.87, 0.00, 0.00, 0.07, 0.00, 0.05, 0.00, 2.26, 1.00, 1.00, 0.00, 0.00, 0.00, 0.00, 0.00, 0.00, 0.00, 1.00, 0.00, 0.00, 0.00, 0.00, 0.00, 0.00, 0.00, 1.00
203,  0,  6.740,  0.98,  1, 0.99, 0.66, 0.00, 0.00, 0.02, 0.00, 0.00, 0.00, 0.21, 0.93, 0.00, 0.09, 0.00, 0.00, 0.00, 0.00, 1.54, 1.00, 1.00, 0.00, 0.00, 0.00, 0.00, 0.00, 0.00, 0.00, 1.00, 0.00, 0.00, 0.00, 0.00, 0.00, 0.00, 0.00, 1.00
204,  0,  6.773,  0.98,  1, 1.02, 0.66, 0.00, 0.00, 0.04, 0.00, 0.00, 0.00, 0.20, 1.02, 0.00, 0.17, 0.00, 0.00, 0.00, 0.00, 1.04, 1.00, 1.00, 0.00, 0.00, 0.00, 0.00, 0.00, 0.00, 0.00, 1.00, 0.00, 0.00, 0.00, 0.00, 0.00, 0.00, 0.00, 1.00
205,  0,  6.807,  0.98,  1, 0.85, 0.49, 0.00, 0.00, 0.11, 0.00, 0.00, 0.00, 0.17, 1.07, 0.00, 0.22, 0.00, 0.00, 0.00, 0.05, 0.51, 1.00, 1.00, 0.00, 0.00, 0.00, 0.00, 0.00, 0.00, 0.00, 1.00, 0.00, 0.00, 0.00, 0.00, 0.00, 0.00, 0.00, 1.00
206,  0,  6.840,  0.98,  1, 0.67, 0.30, 0.00, 0.00, 0.19, 0.00, 0.00, 0.00, 0.16, 1.05, 0.00, 0.20, 0.00, 0.00, 0.00, 0.09, 0.44, 1.00, 1.00, 0.00, 1.00, 0.00, 0.00, 0.00, 0.00, 0.00, 1.00, 0.00, 0.00, 0.00, 0.00, 0.00, 0.00, 0.00, 0.00
207,  0,  6.874,  0.98,  1, 0.50, 0.14, 0.00, 0.00, 0.23, 0.00, 0.00, 0.00, 0.22, 1.08, 0.00, 0.15, 0.00, 0.00, 0.00, 0.09, 0.35, 1.00, 1.00, 0.00, 1.00, 0.00, 0.00, 0.00, 0.00, 0.00, 1.00, 0.00, 0.00, 0.00, 0.00, 0.00, 0.00, 0.00, 0.00
208,  0,  6.907,  0.98,  1, 0.57, 0.19, 0.00, 0.00, 0.19, 0.00, 0.00, 0.00, 0.28, 1.15, 0.00, 0.11, 0.00, 0.00, 0.02, 0.04, 0.27, 1.00, 1.00, 0.00, 1.00, 0.00, 0.00, 0.00, 0.00, 0.00, 1.00, 0.00, 0.00, 0.00, 0.00, 0.00, 0.00, 0.00, 0.00
209,  0,  6.940,  0.98,  1, 0.56, 0.13, 0.00, 0.00, 0.16, 0.00, 0.00, 0.00, 0.34, 1.23, 0.00, 0.05, 0.00, 0.00, 0.11, 0.00, 0.25, 1.00, 1.00, 0.00, 1.00, 0.00, 0.00, 0.00, 0.00, 0.00, 1.00, 0.00, 0.00, 0.00, 0.00, 0.00, 0.00, 0.00, 0.00
210,  0,  6.974,  0.98,  1, 0.59, 0.08, 0.00, 0.02, 0.13, 0.00, 0.00, 0.00, 0.29, 1.24, 0.00, 0.05, 0.00, 0.00, 0.18, 0.00, 0.14, 1.00, 1.00, 0.00, 1.00, 0.00, 0.00, 0.00, 0.00, 0.00, 1.00, 0.00, 0.00, 0.00, 0.00, 0.00, 0.00, 0.00, 0.00
211,  0,  7.007,  0.98,  1, 0.60, 0.00, 0.00, 0.02, 0.19, 0.00, 0.00, 0.00, 0.29, 1.14, 0.00, 0.04, 0.00, 0.00, 0.16, 0.09, 0.09, 1.00, 1.00, 0.00, 1.00, 0.00, 0.00, 0.00, 0.00, 0.00, 1.00, 0.00, 0.00, 0.00, 0.00, 0.00, 0.00, 0.00, 0.00
212,  0,  7.040,  0.98,  1, 0.67, 0.01, 0.00, 0.02, 0.24, 0.00, 0.00, 0.00, 0.29, 1.04, 0.00, 0.03, 0.02, 0.00, 0.08, 0.16, 0.00, 1.00, 1.00, 0.00, 1.00, 0.00, 0.00, 0.00, 0.00, 0.00, 1.00, 0.00, 0.00, 0.00, 0.00, 0.00, 0.00, 0.00, 0.00
213,  0,  7.074,  0.98,  1, 0.76, 0.15, 0.00, 0.00, 0.26, 0.00, 0.00, 0.00, 0.33, 1.00, 0.00, 0.04, 0.02, 0.00, 0.01, 0.22, 0.06, 1.00, 1.00, 0.00, 1.00, 0.00, 0.00, 0.00, 0.00, 0.00, 1.00, 0.00, 0.00, 0.00, 0.00, 0.00, 0.00, 0.00, 0.00
214,  0,  7.107,  0.98,  1, 0.85, 0.27, 0.00, 0.00, 0.19, 0.00, 0.00, 0.00, 0.34, 1.06, 0.00, 0.08, 0.03, 0.00, 0.01, 0.18, 0.11, 1.00, 1.00, 0.00, 1.00, 0.00, 0.00, 0.00, 0.00, 0.00, 1.00, 0.00, 0.00, 0.00, 0.00, 0.00, 0.00, 0.00, 0.00
215,  0,  7.140,  0.98,  1, 0.87, 0.34, 0.00, 0.00, 0.19, 0.00, 0.00, 0.00, 0.32, 1.11, 0.00, 0.09, 0.01, 0.00, 0.00, 0.14, 0.11, 1.00, 1.00, 0.00, 1.00, 0.00, 0.00, 0.00, 0.00, 0.00, 1.00, 0.00, 0.00, 0.00, 0.00, 0.00, 0.00, 0.00, 0.00
216,  0,  7.174,  0.98,  1, 0.78, 0.29, 0.00, 0.00, 0.22, 0.00, 0.00, 0.00, 0.30, 1.11, 0.00, 0.05, 0.00, 0.00, 0.00, 0.12, 0.05, 1.00, 1.00, 0.00, 1.00, 0.00, 0.00, 0.00, 0.00, 0.00, 1.00, 0.00, 0.00, 0.00, 0.00, 0.00, 0.00, 0.00, 0.00
217,  0,  7.207,  0.98,  1, 0.76, 0.32, 0.00, 0.00, 0.20, 0.00, 0.00, 0.00, 0.23, 1.00, 0.00, 0.01, 0.00, 0.02, 0.01, 0.07, 0.00, 1.00, 1.00, 0.00, 1.00, 0.00, 0.00, 0.00, 0.00, 0.00, 1.00, 0.00, 0.00, 0.00, 0.00, 0.00, 0.00, 0.00, 0.00
218,  0,  7.241,  0.98,  1, 0.81, 0.38, 0.00, 0.00, 0.11, 0.00, 0.00, 0.00, 0.16, 0.92, 0.00, 0.00, 0.00, 0.03, 0.01, 0.04, 0.00, 1.00, 1.00, 0.00, 1.00, 0.00, 0.00, 0.00, 0.00, 0.00, 1.00, 0.00, 0.00, 0.00, 0.00, 0.00, 0.00, 0.00, 0.00
219,  0,  7.274,  0.98,  1, 0.84, 0.46, 0.00, 0.00, 0.07, 0.00, 0.00, 0.00, 0.12, 0.99, 0.00, 0.00, 0.06, 0.03, 0.01, 0.00, 0.06, 1.00, 1.00, 0.00, 1.00, 0.00, 0.00, 0.00, 0.00, 0.00, 1.00, 0.00, 0.00, 0.00, 0.00, 0.00, 0.00, 0.00, 0.00
220,  0,  7.307,  0.98,  1, 0.78, 0.39, 0.00, 0.00, 0.09, 0.00, 0.00, 0.00, 0.14, 1.18, 0.00, 0.00, 0.06, 0.01, 0.01, 0.00, 0.06, 1.00, 1.00, 0.00, 1.00, 0.00, 0.00, 0.00, 0.00, 0.00, 1.00, 0.00, 0.00, 0.00, 0.00, 0.00, 0.00, 0.00, 0.00
221,  0,  7.341,  0.98,  1, 0.66, 0.26, 0.00, 0.00, 0.15, 0.00, 0.00, 0.00, 0.20, 1.31, 0.00, 0.00, 0.06, 0.00, 0.07, 0.00, 0.06, 1.00, 1.00, 0.00, 1.00, 0.00, 0.00, 0.00, 0.00, 0.00, 1.00, 0.00, 0.00, 0.00, 0.00, 0.00, 0.00, 0.00, 0.00
222,  0,  7.374,  0.98,  1, 0.57, 0.08, 0.00, 0.00, 0.18, 0.00, 0.00, 0.00, 0.24, 1.29, 0.00, 0.00, 0.00, 0.00, 0.12, 0.00, 0.00, 1.00, 1.00, 0.00, 1.00, 0.00, 0.00, 0.00, 0.00, 0.00, 1.00, 0.00, 0.00, 0.00, 0.00, 0.00, 0.00, 0.00, 0.00
223,  0,  7.407,  0.98,  1, 0.50, 0.03, 0.00, 0.00, 0.17, 0.00, 0.00, 0.00, 0.23, 1.29, 0.00, 0.00, 0.00, 0.00, 0.15, 0.00, 0.00, 1.00, 1.00, 0.00, 1.00, 0.00, 0.00, 0.00, 0.00, 0.00, 1.00, 0.00, 0.00, 0.00, 0.00, 0.00, 0.00, 0.00, 0.00
224,  0,  7.441,  0.98,  1, 0.47, 0.03, 0.00, 0.00, 0.14, 0.00, 0.00, 0.00, 0.20, 1.32, 0.00, 0.00, 0.00, 0.00, 0.12, 0.04, 0.00, 1.00, 1.00, 0.00, 0.00, 0.00, 0.00, 0.00, 0.00, 0.00, 1.00, 0.00, 0.00, 0.00, 0.00, 0.00, 0.00, 0.00, 0.00
225,  0,  7.474,  0.98,  1, 0.61, 0.31, 0.00, 0.00, 0.14, 0.00, 0.00, 0.00, 0.20, 1.33, 0.00, 0.00, 0.00, 0.00, 0.09, 0.04, 0.54, 1.00, 1.00, 0.00, 0.00, 0.00, 0.00, 0.00, 0.00, 0.00, 1.00, 0.00, 0.00, 0.00, 0.00, 0.00, 0.00, 0.00, 0.00
226,  0,  7.508,  0.98,  1, 0.78, 0.64, 0.00, 0.00, 0.18, 0.00, 0.00, 0.00, 0.23, 1.35, 0.00, 0.00, 0.00, 0.00, 0.13, 0.04, 1.11, 1.00, 1.00, 0.00, 0.00, 0.00, 0.00, 0.00, 0.00, 0.00, 1.00, 0.00, 0.00, 0.00, 0.00, 0.00, 0.00, 0.00, 1.00
227,  0,  7.541,  0.98,  1, 1.12, 0.97, 0.00, 0.00, 0.16, 0.00, 0.00, 0.00, 0.25, 1.30, 0.00, 0.00, 0.14, 0.00, 0.14, 0.03, 2.01, 1.00, 1.00, 0.00, 0.00, 0.00, 0.00, 0.00, 0.00, 0.00, 1.00, 0.00, 0.00, 0.00, 0.00, 0.00, 0.00, 0.00, 1.00
228,  0,  7.574,  0.98,  1, 1.29, 1.02, 0.00, 0.00, 0.12, 0.00, 0.00, 0.00, 0.24, 1.34, 0.00, 0.00, 0.21, 0.00, 0.19, 0.03, 2.35, 1.00, 1.00, 0.00, 0.00, 0.00, 0.00, 0.00, 0.00, 0.00, 1.00, 0.00, 0.00, 0.00, 0.00, 0.00, 0.00, 0.00, 1.00
229,  0,  7.608,  0.98,  1, 1.27, 0.91, 0.00, 0.00, 0.14, 0.00, 0.00, 0.00, 0.22, 1.17, 0.00, 0.00, 0.21, 0.00, 0.17, 0.03, 2.63, 1.00, 1.00, 0.00, 0.00, 0.00, 0.00, 0.00, 0.00, 0.00, 1.00, 0.00, 0.00, 0.00, 0.00, 0.00, 0.00, 0.00, 1.00
230,  0,  7.641,  0.98,  1, 1.09, 0.85, 0.00, 0.00, 0.22, 0.00, 0.00, 0.00, 0.25, 1.04, 0.00, 0.00, 0.07, 0.00, 0.13, 0.00, 2.53, 1.00, 1.00, 0.00, 0.00, 0.00, 0.00, 0.00, 0.00, 0.00, 1.00, 0.00, 0.00, 0.00, 0.00, 0.00, 0.00, 0.00, 1.00
231,  0,  7.674,  0.98,  1, 0.75, 0.51, 0.00, 0.00, 0.24, 0.00, 0.00, 0.00, 0.27, 0.86, 0.00, 0.00, 0.00, 0.00, 0.05, 0.00, 2.00, 1.00, 1.00, 0.00, 0.00, 0.00, 0.00, 0.00, 0.00, 0.00, 1.00, 0.00, 0.00, 0.00, 0.00, 0.00, 0.00, 0.00, 1.00
232,  0,  7.708,  0.98,  1, 0.62, 0.27, 0.00, 0.00, 0.19, 0.00, 0.00, 0.00, 0.28, 0.85, 0.00, 0.00, 0.00, 0.00, 0.01, 0.00, 1.54, 1.00, 1.00, 0.00, 1.00, 0.00, 0.00, 0.00, 0.00, 0.00, 1.00, 0.00, 0.00, 0.00, 0.00, 0.00, 0.00, 0.00, 1.00
233,  0,  7.741,  0.98,  1, 0.48, 0.07, 0.00, 0.00, 0.19, 0.00, 0.00, 0.00, 0.24, 1.02, 0.00, 0.01, 0.00, 0.00, 0.00, 0.00, 0.94, 1.00, 1.00, 0.00, 1.00, 0.00, 0.00, 0.00, 0.00, 0.00, 1.00, 0.00, 0.00, 0.00, 0.00, 0.00, 0.00, 0.00, 1.00
234,  0,  7.774,  0.98,  1, 0.50, 0.14, 0.00, 0.00, 0.21, 0.00, 0.00, 0.00, 0.20, 1.12, 0.00, 0.03, 0.05, 0.00, 0.00, 0.00, 0.76, 1.00, 1.00, 0.00, 1.00, 0.00, 0.00, 0.00, 0.00, 0.00, 1.00, 0.00, 0.00, 0.00, 0.00, 0.00, 0.00, 0.00, 1.00
235,  0,  7.808,  0.98,  1, 0.52, 0.14, 0.00, 0.00, 0.24, 0.00, 0.00, 0.00, 0.19, 1.18, 0.00, 0.03, 0.10, 0.00, 0.01, 0.04, 0.58, 1.00, 1.00, 0.00, 1.00, 0.00, 0.00, 0.00, 0.00, 0.00, 1.00, 0.00, 0.00, 0.00, 0.00, 0.00, 0.00, 0.00, 0.00
236,  0,  7.841,  0.98,  1, 0.56, 0.07, 0.00, 0.00, 0.23, 0.00, 0.00, 0.00, 0.23, 1.10, 0.00, 0.02, 0.14, 0.00, 0.02, 0.06, 0.50, 1.00, 1.00, 0.00, 1.00, 0.00, 0.00, 0.00, 0.00, 0.00, 1.00, 0.00, 0.00, 0.00, 0.00, 0.00, 0.00, 0.00, 0.00
237,  0,  7.875,  0.98,  1, 0.50, 0.00, 0.00, 0.00, 0.21, 0.00, 0.00, 0.00, 0.21, 1.06, 0.00, 0.00, 0.09, 0.00, 0.02, 0.06, 0.36, 1.00, 1.00, 0.00, 1.00, 0.00, 0.00, 0.00, 0.00, 0.00, 1.00, 0.00, 0.00, 0.00, 0.00, 0.00, 0.00, 0.00, 0.00
238,  0,  7.908,  0.98,  1, 0.39, 0.00, 0.00, 0.00, 0.20, 0.00, 0.00, 0.00, 0.17, 1.02, 0.00, 0.00, 0.05, 0.00, 0.01, 0.02, 0.19, 1.00, 1.00, 0.00, 1.00, 0.00, 0.00, 0.00, 0.00, 0.00, 1.00, 0.00, 0.00, 0.00, 0.00, 0.00, 0.00, 0.00, 0.00
239,  0,  7.941,  0.98,  1, 0.31, 0.00, 0.00, 0.00, 0.13, 0.00, 0.00, 0.00, 0.17, 1.05, 0.00, 0.05, 0.00, 0.00, 0.03, 0.00, 0.05, 1.00, 1.00, 0.00, 1.00, 0.00, 0.00, 0.00, 0.00, 0.00, 1.00, 0.00, 0.00, 0.00, 0.00, 0.00, 0.00, 0.00, 0.00
240,  0,  7.975,  0.98,  1, 0.29, 0.00, 0.00, 0.00, 0.10, 0.00, 0.00, 0.00, 0.20, 1.11, 0.00, 0.07, 0.00, 0.00, 0.03, 0.02, 0.03, 1.00, 1.00, 0.00, 1.00, 0.00, 0.00, 0.00, 0.00, 0.00, 1.00, 0.00, 0.00, 0.00, 0.00, 0.00, 0.00, 0.00, 0.00
241,  0,  8.008,  0.98,  1, 0.30, 0.06, 0.00, 0.00, 0.09, 0.00, 0.00, 0.00, 0.23, 1.13, 0.00, 0.26, 0.03, 0.08, 0.03, 0.02, 0.00, 0.00, 1.00, 0.00, 1.00, 0.00, 0.00, 0.00, 0.00, 0.00, 1.00, 0.00, 0.00, 0.00, 0.00, 0.00, 0.00, 0.00, 0.00
242,  0,  8.041,  0.98,  1, 0.30, 0.11, 0.00, 0.00, 0.11, 0.00, 0.00, 0.00, 0.23, 1.04, 0.00, 0.35, 0.11, 0.16, 0.00, 0.02, 0.00, 0.00, 1.00, 0.00, 1.00, 0.00, 0.00, 0.00, 0.00, 0.00, 1.00, 0.00, 0.00, 0.00, 0.00, 0.00, 0.00, 0.00, 0.00
243,  0,  8.075,  0.98,  1, 0.32, 0.11, 0.00, 0.00, 0.09, 0.00, 0.00, 0.00, 0.22, 1.01, 0.00, 0.38, 0.12, 0.18, 0.00, 0.00, 0.00, 0.00, 1.00, 0.00, 1.00, 0.00, 0.00, 0.00, 0.00, 0.00, 1.00, 0.00, 0.00, 0.00, 0.00, 0.00, 0.00, 0.00, 0.00
244,  0,  8.108,  0.98,  1, 0.35, 0.09, 0.00, 0.00, 0.05, 0.00, 0.00, 0.00, 0.20, 1.06, 0.00, 0.25, 0.13, 0.12, 0.00, 0.00, 0.00, 0.00, 1.00, 0.00, 0.00, 0.00, 0.00, 0.00, 0.00, 0.00, 1.00, 0.00, 0.00, 0.00, 0.00, 0.00, 0.00, 0.00, 0.00
245,  0,  8.141,  0.98,  1, 0.37, 0.13, 0.00, 0.00, 0.01, 0.00, 0.00, 0.00, 0.14, 0.97, 0.00, 0.11, 0.05, 0.04, 0.00, 0.00, 0.00, 0.00, 1.00, 0.00, 0.00, 0.00, 0.00, 0.00, 0.00, 0.00, 1.00, 0.00, 0.00, 0.00, 0.00, 0.00, 0.00, 0.00, 0.00
246,  0,  8.175,  0.98,  1, 0.37, 0.20, 0.00, 0.00, 0.01, 0.00, 0.00, 0.00, 0.09, 0.84, 0.00, 0.07, 0.03, 0.02, 0.00, 0.00, 0.00, 0.00, 1.00, 0.00, 0.00, 0.00, 0.00, 0.00, 0.00, 0.00, 1.00, 0.00, 0.00, 0.00, 0.00, 0.00, 0.00, 0.00, 0.00
247,  0,  8.208,  0.98,  1, 0.28, 0.28, 0.00, 0.00, 0.01, 0.00, 0.00, 0.00, 0.07, 0.76, 0.00, 0.06, 0.03, 0.00, 0.01, 0.00, 0.00, 0.00, 1.00, 0.00, 0.00, 0.00, 0.00, 0.00, 0.00, 0.00, 1.00, 0.00, 0.00, 0.00, 0.00, 0.00, 0.00, 0.00, 0.00
248,  0,  8.242,  0.98,  1, 0.22, 0.30, 0.00, 0.00, 0.01, 0.00, 0.00, 0.00, 0.10, 0.83, 0.00, 0.11, 0.07, 0.00, 0.01, 0.00, 0.06, 0.00, 1.00, 0.00, 1.00, 0.00, 0.00, 0.00, 0.00, 0.00, 1.00, 0.00, 0.00, 0.00, 0.00, 0.00, 0.00, 0.00, 0.00
249,  0,  8.275,  0.98,  1, 0.22, 0.38, 0.00, 0.00, 0.05, 0.00, 0.00, 0.00, 0.12, 0.86, 0.00, 0.10, 0.15, 0.00, 0.01, 0.00, 0.17, 0.00, 1.00, 0.00, 1.00, 0.00, 0.00, 0.00, 0.00, 0.00, 1.00, 0.00, 0.00, 0.00, 0.00, 0.00, 0.00, 0.00, 0.00
250,  0,  8.308,  0.98,  1, 0.29, 0.41, 0.00, 0.00, 0.07, 0.00, 0.00, 0.00, 0.12, 0.83, 0.00, 0.06, 0.20, 0.00, 0.00, 0.00, 0.28, 0.00, 1.00, 0.00, 1.00, 0.00, 0.00, 0.00, 0.00, 0.00, 1.00, 0.00, 0.00, 0.00, 0.00, 0.00, 0.00, 0.00, 0.00
251,  0,  8.342,  0.98,  1, 0.33, 0.34, 0.00, 0.00, 0.11, 0.00, 0.00, 0.00, 0.16, 0.89, 0.00, 0.06, 0.16, 0.00, 0.08, 0.00, 0.29, 0.00, 1.00, 0.00, 1.00, 0.00, 0.00, 0.00, 0.00, 0.00, 1.00, 0.00, 0.00, 0.00, 0.00, 0.00, 0.00, 0.00, 0.00
252,  0,  8.375,  0.98,  1, 0.30, 0.19, 0.00, 0.00, 0.11, 0.00, 0.00, 0.00, 0.20, 0.99, 0.00, 0.08, 0.10, 0.00, 0.09, 0.00, 0.20, 0.00, 1.00, 0.00, 1.00, 0.00, 0.00, 0.00, 0.00, 0.00, 1.00, 0.00, 0.00, 0.00, 0.00, 0.00, 0.00, 0.00, 0.00
253,  0,  8.408,  0.98,  1, 0.32, 0.15, 0.00, 0.00, 0.15, 0.00, 0.00, 0.00, 0.21, 1.05, 0.00, 0.15, 0.02, 0.00, 0.11, 0.00, 0.19, 0.00, 1.00, 0.00, 1.00, 0.00, 0.00, 0.00, 0.00, 0.00, 1.00, 0.00, 0.00, 0.00, 0.00, 0.00, 0.00, 0.00, 0.00
254,  0,  8.442,  0.98,  1, 0.31, 0.18, 0.00, 0.00, 0.16, 0.00, 0.00, 0.00, 0.18, 1.04, 0.00, 0.17, 0.04, 0.00, 0.03, 0.00, 0.23, 0.00, 1.00, 0.00, 1.00, 0.00, 0.00, 0.00, 0.00, 0.00, 1.00, 0.00, 0.00, 0.00, 0.00, 0.00, 0.00, 0.00, 0.00
255,  0,  8.475,  0.98,  1, 0.34, 0.23, 0.00, 0.00, 0.17, 0.00, 0.00, 0.00, 0.13, 1.04, 0.00, 0.14, 0.02, 0.00, 0.04, 0.00, 0.32, 0.00, 1.00, 0.00, 1.00, 0.00, 0.00, 0.00, 0.00, 0.00, 1.00, 0.00, 0.00, 0.00, 0.00, 0.00, 0.00, 0.00, 0.00
256,  0,  8.509,  0.98,  1, 0.32, 0.22, 0.00, 0.00, 0.16, 0.00, 0.00, 0.00, 0.09, 1.04, 0.00, 0.08, 0.02, 0.00, 0.04, 0.00, 0.34, 0.00, 1.00, 0.00, 0.00, 0.00, 0.00, 0.00, 0.00, 0.00, 1.00, 0.00, 0.00, 0.00, 0.00, 0.00, 0.00, 0.00, 0.00
257,  0,  8.542,  0.98,  1, 0.30, 0.13, 0.00, 0.00, 0.14, 0.00, 0.00, 0.00, 0.07, 0.96, 0.00, 0.01, 0.04, 0.00, 0.09, 0.00, 0.36, 0.00, 1.00, 0.00, 0.00, 0.00, 0.00, 0.00, 0.00, 0.00, 1.00, 0.00, 0.00, 0.00, 0.00, 0.00, 0.00, 0.00, 0.00
258,  0,  8.575,  0.98,  1, 0.28, 0.09, 0.00, 0.00, 0.11, 0.00, 0.00, 0.00, 0.06, 0.88, 0.00, 0.01, 0.12, 0.00, 0.13, 0.00, 0.36, 0.00, 1.00, 0.00, 0.00, 0.00, 0.00, 0.00, 0.00, 0.00, 1.00, 0.00, 0.00, 0.00, 0.00, 0.00, 0.00, 0.00, 0.00
259,  0,  8.609,  0.98,  1, 0.41, 0.00, 0.00, 0.00, 0.12, 0.00, 0.00, 0.00, 0.10, 0.81, 0.00, 0.00, 0.12, 0.00, 0.20, 0.09, 0.35, 0.00, 1.00, 0.00, 0.00, 0.00, 0.00, 0.00, 0.00, 0.00, 1.00, 0.00, 0.00, 0.00, 0.00, 0.00, 0.00, 0.00, 0.00
260,  0,  8.642,  0.98,  1, 0.59, 0.02, 0.00, 0.00, 0.16, 0.00, 0.00, 0.00, 0.12, 0.79, 0.00, 0.00, 0.07, 0.00, 0.25, 0.17, 0.31, 0.00, 1.00, 0.00, 0.00, 0.00, 0.00, 0.00, 0.00, 0.00, 1.00, 0.00, 0.00, 0.00, 0.00, 0.00, 0.00, 0.00, 0.00
261,  0,  8.675,  0.98,  1, 0.81, 0.10, 0.00, 0.00, 0.21, 0.00, 0.00, 0.00, 0.14, 0.91, 0.00, 0.00, 0.00, 0.00, 0.26, 0.18, 0.41, 1.00, 1.00, 0.00, 0.00, 0.00, 0.00, 0.00, 0.00, 0.00, 1.00, 0.00, 0.00, 0.00, 0.00, 0.00, 0.00, 0.00, 1.00
262,  0,  8.709,  0.98,  1, 0.87, 0.21, 0.00, 0.00, 0.21, 0.00, 0.00, 0.00, 0.10, 1.02, 0.00, 0.02, 0.03, 0.00, 0.23, 0.08, 0.48, 1.00, 1.00, 0.00, 0.00, 0.00, 0.00, 0.00, 0.00, 0.00, 1.00, 0.00, 0.00, 0.00, 0.00, 0.00, 0.00, 0.00, 1.00
263,  0,  8.742,  0.98,  1, 1.00, 0.44, 0.00, 0.00, 0.22, 0.00, 0.00, 0.00, 0.16, 1.22, 0.00, 0.02, 0.03, 0.00, 0.19, 0.01, 1.27, 1.00, 1.00, 0.00, 0.00, 0.00, 0.00, 0.00, 0.00, 0.00, 1.00, 0.00, 0.00, 0.00, 0.00, 0.00, 0.00, 0.00, 1.00
264,  0,  8.775,  0.98,  1, 1.08, 0.59, 0.00, 0.00, 0.24, 0.00, 0.00, 0.00, 0.22, 1.31, 0.00, 0.02, 0.03, 0.00, 0.15, 0.00, 1.98, 1.00, 1.00, 0.00, 0.00, 0.00, 0.00, 0.00, 0.00, 0.00, 1.00, 0.00, 0.00, 0.00, 0.00, 0.00, 0.00, 0.00, 1.00
265,  0,  8.809,  0.98,  1, 1.14, 0.70, 0.00, 0.00, 0.18, 0.00, 0.00, 0.00, 0.25, 1.33, 0.00, 0.07, 0.05, 0.00, 0.11, 0.04, 2.77, 1.00, 1.00, 0.00, 0.00, 0.00, 0.00, 0.00, 0.00, 0.00, 1.00, 0.00, 0.00, 0.00, 0.00, 0.00, 0.00, 0.00, 1.00
266,  0,  8.842,  0.98,  1, 1.08, 0.61, 0.00, 0.00, 0.11, 0.00, 0.00, 0.00, 0.20, 1.26, 0.00, 0.14, 0.12, 0.00, 0.10, 0.09, 2.91, 1.00, 1.00, 0.00, 0.00, 0.00, 0.00, 0.00, 0.00, 0.00, 1.00, 0.00, 0.00, 0.00, 0.00, 0.00, 0.00, 0.00, 1.00
267,  0,  8.876,  0.98,  1, 0.87, 0.48, 0.00, 0.00, 0.05, 0.00, 0.00, 0.00, 0.17, 1.14, 0.00, 0.14, 0.12, 0.00, 0.10, 0.09, 2.70, 1.00, 1.00, 0.00, 0.00, 0.00, 0.00, 0.00, 0.00, 0.00, 1.00, 0.00, 0.00, 0.00, 0.00, 0.00, 0.00, 0.00, 1.00
268,  0,  8.909,  0.98,  1, 0.64, 0.33, 0.00, 0.00, 0.06, 0.00, 0.00, 0.00, 0.22, 1.13, 0.00, 0.07, 0.09, 0.00, 0.08, 0.05, 2.32, 1.00, 1.00, 0.00, 0.00, 0.00, 0.00, 0.00, 0.00, 0.00, 1.00, 0.00, 0.00, 0.00, 0.00, 0.00, 0.00, 0.00, 1.00
269,  0,  8.942,  0.98,  1, 0.46, 0.27, 0.00, 0.00, 0.13, 0.00, 0.00, 0.00, 0.26, 1.14, 0.00, 0.00, 0.02, 0.00, 0.05, 0.03, 1.54, 1.00, 1.00, 0.00, 0.00, 0.00, 0.00, 0.00, 0.00, 0.00, 1.00, 0.00, 0.00, 0.00, 0.00, 0.00, 0.00, 0.00, 1.00
270,  0,  8.976,  0.98,  1, 0.39, 0.16, 0.00, 0.00, 0.16, 0.00, 0.00, 0.00, 0.27, 1.10, 0.00, 0.00, 0.02, 0.00, 0.01, 0.05, 1.11, 1.00, 1.00, 0.00, 1.00, 0.00, 0.00, 0.00, 0.00, 0.00, 1.00, 0.00, 0.00, 0.00, 0.00, 0.00, 0.00, 0.00, 1.00
271,  0,  9.009,  0.98,  1, 0.41, 0.09, 0.00, 0.00, 0.14, 0.00, 0.00, 0.01, 0.27, 1.03, 0.00, 0.00, 0.00, 0.00, 0.03, 0.05, 0.58, 0.00, 1.00, 0.00, 1.00, 0.00, 0.00, 0.00, 0.00, 0.00, 1.00, 0.00, 0.00, 0.00, 0.00, 0.00, 0.00, 0.00, 1.00
272,  0,  9.042,  0.98,  1, 0.39, 0.00, 0.00, 0.00, 0.08, 0.00, 0.00, 0.01, 0.26, 0.96, 0.00, 0.00, 0.00, 0.00, 0.02, 0.02, 0.37, 0.00, 1.00, 0.00, 1.00, 0.00, 0.00, 0.00, 0.00, 0.00, 1.00, 0.00, 0.00, 0.00, 0.00, 0.00, 0.00, 0.00, 0.00
273,  0,  9.076,  0.98,  1, 0.30, 0.00, 0.00, 0.00, 0.02, 0.00, 0.00, 0.01, 0.24, 1.04, 0.00, 0.00, 0.00, 0.00, 0.06, 0.03, 0.21, 0.00, 0.00, 0.00, 1.00, 0.00, 0.00, 0.00, 0.00, 0.00, 1.00, 0.00, 0.00, 0.00, 0.00, 0.00, 0.00, 0.00, 0.00
274,  0,  9.109,  0.98,  1, 0.17, 0.00, 0.00, 0.00, 0.02, 0.00, 0.00, 0.00, 0.22, 1.14, 0.00, 0.00, 0.00, 0.00, 0.10, 0.05, 0.22, 0.00, 0.00, 0.00, 1.00, 0.00, 0.00, 0.00, 0.00, 0.00, 1.00, 0.00, 0.00, 0.00, 0.00, 0.00, 0.00, 0.00, 0.00
275,  0,  9.142,  0.98,  1, 0.09, 0.00, 0.00, 0.00, 0.07, 0.00, 0.00, 0.00, 0.27, 1.24, 0.00, 0.00, 0.00, 0.00, 0.12, 0.05, 0.20, 0.00, 0.00, 0.00, 1.00, 0.00, 0.00, 0.00, 0.00, 0.00, 1.00, 0.00, 0.00, 0.00, 0.00, 0.00, 0.00, 0.00, 0.00
276,  0,  9.176,  0.98,  1, 0.11, 0.00, 0.00, 0.00, 0.14, 0.00, 0.00, 0.00, 0.37, 1.22, 0.00, 0.01, 0.00, 0.00, 0.10, 0.05, 0.08, 0.00, 0.00, 0.00, 1.00, 0.00, 0.00, 0.00, 0.00, 0.00, 1.00, 0.00, 0.00, 0.00, 0.00, 0.00, 0.00, 0.00, 0.00
277,  0,  9.209,  0.98,  1, 0.17, 0.02, 0.00, 0.00, 0.18, 0.00, 0.00, 0.00, 0.43, 1.18, 0.00, 0.01, 0.00, 0.00, 0.06, 0.06, 0.00, 0.00, 0.00, 0.00, 1.00, 0.00, 0.00, 0.00, 0.00, 0.00, 1.00, 0.00, 0.00, 0.00, 0.00, 0.00, 0.00, 0.00, 0.00
278,  0,  9.243,  0.98,  1, 0.21, 0.05, 0.00, 0.00, 0.17, 0.00, 0.00, 0.00, 0.43, 1.20, 0.00, 0.01, 0.00, 0.00, 0.09, 0.13, 0.00, 0.00, 0.00, 0.00, 1.00, 0.00, 0.00, 0.00, 0.00, 0.00, 1.00, 0.00, 0.00, 0.00, 0.00, 0.00, 0.00, 0.00, 0.00
279,  0,  9.276,  0.98,  1, 0.27, 0.05, 0.00, 0.00, 0.12, 0.00, 0.00, 0.00, 0.32, 1.22, 0.00, 0.00, 0.00, 0.00, 0.07, 0.12, 0.00, 0.00, 0.00, 0.00, 1.00, 0.00, 0.00, 0.00, 0.00, 0.00, 1.00, 0.00, 0.00, 0.00, 0.00, 0.00, 0.00, 0.00, 0.00
280,  0,  9.309,  0.98,  1, 0.27, 0.03, 0.00, 0.00, 0.13, 0.00, 0.00, 0.00, 0.26, 1.24, 0.00, 0.00, 0.00, 0.00, 0.05, 0.09, 0.00, 0.00, 0.00, 0.00, 1.00, 0.00, 0.00, 0.00, 0.00, 0.00, 1.00, 0.00, 0.00, 0.00, 0.00, 0.00, 0.00, 0.00, 0.00
281,  0,  9.343,  0.98,  1, 0.25, 0.03, 0.00, 0.00, 0.13, 0.00, 0.00, 0.00, 0.25, 1.26, 0.00, 0.01, 0.00, 0.00, 0.00, 0.02, 0.00, 0.00, 0.00, 0.00, 1.00, 0.00, 0.00, 0.00, 0.00, 0.00, 1.00, 0.00, 0.00, 0.00, 0.00, 0.00, 0.00, 0.00, 0.00
282,  0,  9.376,  0.98,  1, 0.24, 0.06, 0.00, 0.00, 0.16, 0.00, 0.00, 0.00, 0.32, 1.29, 0.00, 0.01, 0.00, 0.00, 0.02, 0.01, 0.00, 0.00, 0.00, 0.00, 1.00, 0.00, 0.00, 0.00, 0.00, 0.00, 1.00, 0.00, 0.00, 0.00, 0.00, 0.00, 0.00, 0.00, 0.00
283,  0,  9.409,  0.98,  1, 0.35, 0.10, 0.00, 0.00, 0.18, 0.00, 0.00, 0.00, 0.36, 1.30, 0.00, 0.01, 0.01, 0.00, 0.15, 0.06, 0.00, 0.00, 0.00, 0.00, 1.00, 0.00, 0.00, 0.00, 0.00, 0.00, 1.00, 0.00, 0.00, 0.00, 0.00, 0.00, 0.00, 0.00, 0.00
284,  0,  9.443,  0.98,  1, 0.43, 0.12, 0.00, 0.00, 0.17, 0.00, 0.00, 0.00, 0.35, 1.25, 0.00, 0.00, 0.01, 0.00, 0.21, 0.11, 0.00, 0.00, 0.00, 0.00, 0.00, 0.00, 0.00, 0.00, 0.00, 0.00, 1.00, 0.00, 0.00, 0.00, 0.00, 0.00, 0.00, 0.00, 0.00
285,  0,  9.476,  0.98,  1, 0.43, 0.09, 0.00, 0.00, 0.15, 0.00, 0.00, 0.00, 0.29, 1.24, 0.00, 0.00, 0.01, 0.00, 0.19, 0.14, 0.00, 0.00, 0.00, 0.00, 0.00, 0.00, 0.00, 0.00, 0.00, 0.00, 1.00, 0.00, 0.00, 0.00, 0.00, 0.00, 0.00, 0.00, 0.00
286,  0,  9.510,  0.98,  1, 0.36, 0.05, 0.00, 0.00, 0.13, 0.00, 0.00, 0.00, 0.24, 1.28, 0.00, 0.00, 0.02, 0.00, 0.07, 0.12, 0.00, 0.00, 0.00, 0.00, 1.00, 0.00, 0.00, 0.00, 0.00, 0.00, 1.00, 0.00, 0.00, 0.00, 0.00, 0.00, 0.00, 0.00, 0.00
287,  0,  9.543,  0.98,  1, 0.30, 0.00, 0.00, 0.00, 0.11, 0.00, 0.00, 0.00, 0.21, 1.27, 0.00, 0.00, 0.02, 0.00, 0.06, 0.18, 0.00, 0.00, 0.00, 0.00, 1.00, 0.00, 0.00, 0.00, 0.00, 0.00, 1.00, 0.00, 0.00, 0.00, 0.00, 0.00, 0.00, 0.00, 0.00
288,  0,  9.576,  0.98,  1, 0.32, 0.00, 0.00, 0.00, 0.11, 0.00, 0.00, 0.00, 0.20, 1.17, 0.00, 0.00, 0.02, 0.00, 0.11, 0.25, 0.00, 0.00, 0.00, 0.00, 1.00, 0.00, 0.00, 0.00, 0.00, 0.00, 1.00, 0.00, 0.00, 0.00, 0.00, 0.00, 0.00, 0.00, 0.00
289,  0,  9.610,  0.98,  1, 0.28, 0.00, 0.00, 0.02, 0.11, 0.00, 0.00, 0.00, 0.20, 1.04, 0.00, 0.00, 0.00, 0.00, 0.11, 0.21, 0.00, 0.00, 0.00, 0.00, 1.00, 0.00, 0.00, 0.00, 0.00, 0.00, 1.00, 0.00, 0.00, 0.00, 0.00, 0.00, 0.00, 0.00, 0.00
290,  0,  9.643,  0.98,  1, 0.26, 0.00, 0.00, 0.02, 0.15, 0.00, 0.00, 0.00, 0.19, 0.95, 0.00, 0.00, 0.00, 0.00, 0.06, 0.11, 0.00, 0.00, 0.00, 0.00, 1.00, 0.00, 0.00, 0.00, 0.00, 0.00, 1.00, 0.00, 0.00, 0.00, 0.00, 0.00, 0.00, 0.00, 0.00
291,  0,  9.676,  0.98,  1, 0.24, 0.00, 0.00, 0.02, 0.14, 0.00, 0.00, 0.00, 0.18, 1.07, 0.00, 0.01, 0.08, 0.00, 0.00, 0.00, 0.00, 0.00, 0.00, 0.00, 1.00, 0.00, 0.00, 0.00, 0.00, 0.00, 1.00, 0.00, 0.00, 0.00, 0.00, 0.00, 0.00, 0.00, 0.00
292,  0,  9.710,  0.98,  1, 0.24, 0.00, 0.00, 0.00, 0.09, 0.00, 0.00, 0.00, 0.15, 1.19, 0.00, 0.03, 0.15, 0.01, 0.00, 0.00, 0.00, 0.00, 0.00, 0.00, 1.00, 0.00, 0.00, 0.00, 0.00, 0.00, 1.00, 0.00, 0.00, 0.00, 0.00, 0.00, 0.00, 0.00, 0.00
293,  0,  9.743,  0.98,  1, 0.25, 0.00, 0.00, 0.00, 0.03, 0.00, 0.00, 0.00, 0.15, 1.28, 0.00, 0.03, 0.15, 0.01, 0.00, 0.00, 0.00, 0.00, 0.00, 0.00, 1.00, 0.00, 0.00, 0.00, 0.00, 0.00, 1.00, 0.00, 0.00, 0.00, 0.00, 0.00, 0.00, 0.00, 0.00
294,  0,  9.776,  0.98,  1, 0.23, 0.00, 0.00, 0.00, 0.00, 0.00, 0.00, 0.00, 0.17, 1.24, 0.00, 0.02, 0.06, 0.01, 0.00, 0.00, 0.00, 0.00, 0.00, 0.00, 0.00, 0.00, 0.00, 0.00, 0.00, 0.00, 1.00, 0.00, 0.00, 0.00, 0.00, 0.00, 0.00, 0.00, 0.00
295,  0,  9.810,  0.98,  1, 0.26, 0.03, 0.00, 0.03, 0.00, 0.00, 0.00, 0.00, 0.14, 1.07, 0.00, 0.00, 0.00, 0.04, 0.00, 0.00, 0.00, 0.00, 0.00, 0.00, 0.00, 0.00, 0.00, 0.00, 0.00, 0.00, 1.00, 0.00, 0.00, 0.00, 0.00, 0.00, 0.00, 0.00, 0.00
296,  0,  9.843,  0.98,  1, 0.22, 0.03, 0.00, 0.03, 0.00, 0.00, 0.00, 0.00, 0.09, 0.96, 0.00, 0.00, 0.00, 0.07, 0.00, 0.00, 0.00, 0.00, 0.00, 0.00, 1.00, 0.00, 0.00, 0.00, 0.00, 0.00, 1.00, 0.00, 0.00, 0.00, 0.00, 0.00, 0.00, 0.00, 0.00
297,  0,  9.877,  0.98,  1, 0.20, 0.03, 0.00, 0.03, 0.02, 0.00, 0.00, 0.00, 0.06, 0.97, 0.00, 0.04, 0.05, 0.09, 0.00, 0.00, 0.00, 0.00, 0.00, 0.00, 1.00, 0.00, 0.00, 0.00, 0.00, 0.00, 1.00, 0.00, 0.00, 0.00, 0.00, 0.00, 0.00, 0.00, 0.00
298,  0,  9.910,  0.98,  1, 0.15, 0.00, 0.00, 0.00, 0.04, 0.00, 0.00, 0.00, 0.08, 1.12, 0.00, 0.07, 0.06, 0.07, 0.00, 0.00, 0.00, 0.00, 0.00, 0.00, 1.00, 0.00, 0.00, 0.00, 0.00, 0.00, 1.00, 0.00, 0.00, 0.00, 0.00, 0.00, 0.00, 0.00, 0.00
299,  0,  9.943,  0.98,  1, 0.15, 0.00, 0.00, 0.00, 0.09, 0.00, 0.00, 0.00, 0.14, 1.22, 0.00, 0.17, 0.16, 0.04, 0.00, 0.00, 0.00, 0.00, 0.00, 0.00, 1.00, 0.00, 0.00, 0.00, 0.00, 0.00, 1.00, 0.00, 0.00, 0.00, 0.00, 0.00, 0.00, 0.00, 0.00
300,  0,  9.977,  0.98,  1, 0.10, 0.00, 0.00, 0.00, 0.09, 0.00, 0.00, 0.00, 0.19, 1.17, 0.00, 0.21, 0.21, 0.02, 0.00, 0.00, 0.00, 0.00, 0.00, 0.00, 1.00, 0.00, 0.00, 0.00, 0.00, 0.00, 1.00, 0.00, 0.00, 0.00, 0.00, 0.00, 0.00, 0.00, 0.00
301,  0,  10.010,  0.98,  1, 0.12, 0.05, 0.00, 0.05, 0.15, 0.00, 0.00, 0.02, 0.22, 1.12, 0.00, 0.48, 0.21, 0.00, 0.00, 0.01, 0.00, 0.00, 0.00, 0.00, 1.00, 0.00, 0.00, 0.00, 0.00, 0.00, 1.00, 0.00, 0.00, 0.00, 0.00, 0.00, 0.00, 0.00, 0.00
302,  0,  10.043,  0.98,  1, 0.10, 0.08, 0.00, 0.13, 0.18, 0.00, 0.00, 0.05, 0.19, 1.10, 0.02, 0.64, 0.11, 0.00, 0.00, 0.01, 0.00, 0.00, 0.00, 0.00, 1.00, 0.00, 0.00, 0.00, 0.00, 0.00, 1.00, 0.00, 0.00, 0.00, 0.00, 0.00, 0.00, 0.00, 0.00
303,  0,  10.077,  0.98,  1, 0.10, 0.08, 0.00, 0.13, 0.24, 0.00, 0.00, 0.25, 0.12, 1.21, 0.09, 0.92, 0.07, 0.00, 0.00, 0.01, 0.00, 0.00, 0.00, 0.00, 1.00, 0.00, 0.00, 0.00, 0.00, 0.00, 1.00, 0.00, 0.00, 0.00, 0.00, 0.00, 0.00, 0.00, 0.00
304,  0,  10.110,  0.98,  1, 0.04, 0.04, 0.00, 0.07, 0.25, 0.00, 0.00, 0.41, 0.07, 1.32, 0.17, 0.99, 0.11, 0.00, 0.00, 0.02, 0.00, 0.00, 0.00, 0.00, 1.00, 0.00, 0.00, 0.00, 0.00, 0.00, 1.00, 0.00, 0.00, 0.00, 0.00, 0.00, 0.00, 0.00, 0.00
305,  0,  10.143,  0.98,  1, 0.04, 0.01, 0.00, 0.04, 0.30, 0.00, 0.00, 0.59, 0.08, 1.35, 0.40, 1.11, 0.17, 0.00, 0.01, 0.13, 0.00, 0.00, 0.00, 0.00, 1.00, 0.00, 0.00, 0.00, 0.00, 0.00, 1.00, 0.00, 0.00, 0.00, 0.00, 0.00, 0.00, 0.00, 0.00
306,  0,  10.177,  0.98,  1, 0.07, 0.01, 0.00, 0.05, 0.34, 0.00, 0.00, 0.62, 0.12, 1.29, 0.56, 1.13, 0.15, 0.00, 0.01, 0.26, 0.00, 0.00, 0.00, 0.00, 1.00, 0.00, 0.00, 0.00, 1.00, 0.00, 1.00, 1.00, 1.00, 0.00, 0.00, 0.00, 0.00, 0.00, 0.00
307,  0,  10.210,  0.98,  1, 0.13, 0.00, 0.00, 0.09, 0.35, 0.00, 0.00, 0.75, 0.15, 1.20, 0.78, 1.20, 0.28, 0.03, 0.01, 0.47, 0.00, 0.00, 0.00, 0.00, 1.00, 0.00, 0.00, 0.00, 1.00, 0.00, 1.00, 1.00, 1.00, 0.00, 0.00, 0.00, 0.00, 0.00, 0.00
308,  0,  10.244,  0.98,  1, 0.14, 0.00, 0.00, 0.04, 0.31, 0.00, 0.00, 0.84, 0.14, 1.16, 0.81, 1.22, 0.40, 0.04, 0.02, 0.50, 0.00, 0.00, 0.00, 0.00, 1.00, 0.00, 0.00, 0.00, 1.00, 0.00, 1.00, 1.00, 1.00, 0.00, 0.00, 0.00, 0.00, 0.00, 0.00
309,  0,  10.277,  0.98,  1, 0.31, 0.17, 0.00, 0.04, 0.28, 0.00, 0.00, 0.88, 0.11, 1.18, 0.91, 1.39, 0.54, 0.04, 0.02, 0.49, 0.00, 0.00, 1.00, 0.00, 1.00, 0.00, 0.00, 0.00, 1.00, 0.00, 1.00, 1.00, 1.00, 0.00, 0.00, 0.00, 0.00, 0.00, 0.00
310,  0,  10.310,  0.98,  1, 0.44, 0.32, 0.00, 0.00, 0.26, 0.00, 0.00, 0.84, 0.09, 1.21, 0.95, 1.46, 0.57, 0.01, 0.01, 0.37, 0.00, 0.00, 1.00, 0.00, 1.00, 0.00, 0.00, 0.00, 1.00, 0.00, 1.00, 1.00, 1.00, 0.00, 0.00, 0.00, 0.00, 0.00, 0.00
311,  0,  10.344,  0.98,  1, 0.51, 0.32, 0.00, 0.06, 0.26, 0.00, 0.00, 0.86, 0.04, 1.29, 0.97, 1.61, 0.56, 0.00, 0.00, 0.29, 0.00, 0.00, 1.00, 0.00, 0.00, 0.00, 0.00, 0.00, 1.00, 0.00, 1.00, 1.00, 1.00, 0.00, 0.00, 0.00, 0.00, 0.00, 0.00
312,  0,  10.377,  0.98,  1, 0.42, 0.17, 0.00, 0.06, 0.27, 0.00, 0.00, 0.89, 0.03, 1.30, 0.96, 1.60, 0.53, 0.00, 0.00, 0.26, 0.00, 1.00, 1.00, 0.00, 0.00, 0.00, 0.00, 0.00, 1.00, 0.00, 1.00, 1.00, 1.00, 0.00, 0.00, 0.00, 0.00, 0.00, 0.00
313,  0,  10.410,  0.98,  1, 0.36, 0.04, 0.00, 0.06, 0.27, 0.00, 0.00, 0.94, 0.03, 1.30, 0.97, 1.58, 0.62, 0.00, 0.00, 0.35, 0.00, 1.00, 1.00, 0.00, 1.00, 0.00, 0.00, 0.00, 1.00, 0.00, 1.00, 1.00, 1.00, 0.00, 0.00, 0.00, 0.00, 0.00, 0.00
314,  0,  10.444,  0.98,  1, 0.33, 0.04, 0.00, 0.00, 0.27, 0.00, 0.00, 0.95, 0.05, 1.32, 1.04, 1.52, 0.74, 0.00, 0.00, 0.46, 0.00, 0.00, 1.00, 0.00, 1.00, 0.00, 0.00, 0.00, 1.00, 0.00, 1.00, 1.00, 1.00, 0.00, 0.00, 0.00, 0.00, 0.00, 0.00
315,  0,  10.477,  0.98,  1, 0.30, 0.07, 0.00, 0.00, 0.30, 0.00, 0.01, 1.04, 0.09, 1.38, 1.02, 1.47, 0.76, 0.00, 0.00, 0.58, 0.00, 0.00, 1.00, 0.00, 0.00, 0.00, 0.00, 0.00, 1.00, 0.00, 1.00, 1.00, 1.00, 0.00, 0.00, 0.00, 0.00, 0.00, 0.00
316,  0,  10.511,  0.98,  1, 0.18, 0.11, 0.00, 0.00, 0.32, 0.00, 0.03, 1.08, 0.11, 1.43, 0.95, 1.47, 0.62, 0.00, 0.00, 0.54, 0.00, 0.00, 1.00, 0.00, 0.00, 0.00, 0.00, 0.00, 1.00, 0.00, 1.00, 1.00, 1.00, 0.00, 0.00, 0.00, 0.00, 0.00, 1.00
317,  0,  10.544,  0.98,  1, 0.18, 0.19, 0.00, 0.00, 0.33, 0.00, 0.03, 1.23, 0.17, 1.50, 0.77, 1.47, 0.44, 0.00, 0.01, 0.60, 0.58, 1.00, 1.00, 0.00, 0.00, 0.00, 0.00, 0.00, 1.00, 0.00, 1.00, 1.00, 1.00, 0.00, 0.00, 0.00, 0.00, 0.00, 1.00
318,  0,  10.577,  0.98,  1, 0.22, 0.17, 0.00, 0.00, 0.31, 0.00, 0.02, 1.30, 0.18, 1.46, 0.66, 1.46, 0.33, 0.00, 0.01, 0.60, 1.13, 1.00, 1.00, 0.00, 0.00, 0.00, 0.00, 0.00, 1.00, 0.00, 1.00, 1.00, 1.00, 0.00, 0.00, 0.00, 0.00, 0.00, 1.00
319,  0,  10.611,  0.98,  1, 0.42, 0.21, 0.00, 0.02, 0.34, 0.00, 0.00, 1.39, 0.23, 1.52, 0.66, 1.54, 0.25, 0.00, 0.01, 0.65, 1.65, 0.00, 1.00, 0.00, 0.00, 0.00, 0.00, 0.00, 1.00, 0.00, 1.00, 1.00, 1.00, 0.00, 0.00, 0.00, 0.00, 0.00, 1.00
320,  0,  10.644,  0.98,  1, 0.49, 0.18, 0.00, 0.08, 0.37, 0.00, 0.00, 1.35, 0.24, 1.53, 0.75, 1.60, 0.20, 0.00, 0.00, 0.55, 1.56, 0.00, 1.00, 0.00, 0.00, 0.00, 0.00, 0.00, 1.00, 0.00, 1.00, 1.00, 1.00, 0.00, 0.00, 0.00, 0.00, 0.00, 1.00
321,  0,  10.677,  0.98,  1, 0.46, 0.20, 0.00, 0.08, 0.45, 0.00, 0.00, 1.31, 0.21, 1.61, 0.86, 1.72, 0.25, 0.04, 0.00, 0.49, 1.20, 0.00, 1.00, 0.00, 0.00, 0.00, 0.00, 0.00, 1.00, 0.00, 1.00, 1.00, 1.00, 0.00, 0.00, 0.00, 0.00, 0.00, 1.00
322,  0,  10.711,  0.98,  1, 0.33, 0.10, 0.00, 0.06, 0.50, 0.00, 0.00, 1.23, 0.14, 1.61, 0.91, 1.76, 0.27, 0.04, 0.00, 0.49, 0.89, 0.00, 1.00, 0.00, 0.00, 0.00, 0.00, 0.00, 1.00, 0.00, 1.00, 1.00, 1.00, 0.00, 0.00, 0.00, 0.00, 0.00, 1.00
323,  0,  10.744,  0.98,  1, 0.22, 0.16, 0.00, 0.00, 0.50, 0.00, 0.00, 1.08, 0.15, 1.62, 0.88, 1.81, 0.29, 0.04, 0.00, 0.51, 0.47, 0.00, 1.00, 0.00, 0.00, 0.00, 0.00, 0.00, 1.00, 0.00, 1.00, 1.00, 1.00, 0.00, 0.00, 0.00, 0.00, 0.00, 0.00
324,  0,  10.777,  0.98,  1, 0.21, 0.23, 0.00, 0.00, 0.46, 0.00, 0.00, 0.96, 0.21, 1.62, 0.81, 1.78, 0.23, 0.00, 0.00, 0.50, 0.32, 0.00, 1.00, 0.00, 0.00, 0.00, 0.00, 0.00, 1.00, 0.00, 1.00, 1.00, 1.00, 0.00, 0.00, 0.00, 0.00, 0.00, 0.00
325,  0,  10.811,  0.98,  1, 0.22, 0.36, 0.00, 0.00, 0.39, 0.00, 0.00, 0.95, 0.31, 1.53, 0.85, 1.84, 0.15, 0.04, 0.00, 0.52, 0.11, 0.00, 0.00, 0.00, 0.00, 0.00, 0.00, 0.00, 1.00, 0.00, 1.00, 1.00, 1.00, 0.00, 0.00, 0.00, 0.00, 0.00, 0.00
326,  0,  10.844,  0.98,  1, 0.23, 0.40, 0.00, 0.00, 0.35, 0.00, 0.00, 1.03, 0.31, 1.41, 0.98, 1.90, 0.11, 0.07, 0.00, 0.62, 0.04, 0.00, 0.00, 0.00, 0.00, 0.00, 0.00, 0.00, 1.00, 0.00, 1.00, 1.00, 1.00, 0.00, 0.00, 0.00, 0.00, 0.00, 0.00
327,  0,  10.878,  0.98,  1, 0.22, 0.34, 0.00, 0.00, 0.31, 0.00, 0.04, 1.13, 0.29, 1.31, 1.10, 1.92, 0.06, 0.07, 0.05, 0.71, 0.00, 0.00, 0.00, 0.00, 0.00, 0.00, 0.00, 0.00, 1.00, 0.00, 1.00, 1.00, 1.00, 0.00, 0.00, 0.00, 0.00, 0.00, 0.00
328,  0,  10.911,  0.98,  1, 0.20, 0.25, 0.00, 0.00, 0.30, 0.00, 0.07, 1.20, 0.22, 1.32, 1.09, 1.84, 0.04, 0.03, 0.06, 0.69, 0.00, 0.00, 0.00, 0.00, 0.00, 0.00, 0.00, 0.00, 1.00, 0.00, 1.00, 1.00, 1.00, 0.00, 0.00, 0.00, 0.00, 0.00, 0.00
329,  0,  10.944,  0.98,  1, 0.22, 0.17, 0.00, 0.00, 0.27, 0.00, 0.07, 1.19, 0.23, 1.44, 1.01, 1.78, 0.02, 0.00, 0.17, 0.57, 0.30, 0.00, 0.00, 0.00, 1.00, 0.00, 0.00, 0.00, 1.00, 0.00, 1.00, 1.00, 1.00, 0.00, 0.00, 0.00, 0.00, 0.00, 0.00
330,  0,  10.978,  0.98,  1, 0.26, 0.15, 0.00, 0.01, 0.20, 0.00, 0.03, 1.13, 0.24, 1.54, 0.98, 1.73, 0.04, 0.00, 0.26, 0.39, 0.64, 0.00, 0.00, 0.00, 1.00, 0.00, 0.00, 0.00, 1.00, 0.00, 1.00, 1.00, 1.00, 0.00, 0.00, 0.00, 0.00, 0.00, 1.00
331,  0,  11.011,  0.98,  1, 0.34, 0.30, 0.00, 0.03, 0.11, 0.00, 0.00, 1.19, 0.21, 1.47, 0.91, 1.89, 0.05, 0.00, 0.49, 0.39, 1.43, 0.00, 0.00, 0.00, 1.00, 0.00, 0.00, 0.00, 1.00, 0.00, 1.00, 1.00, 1.00, 0.00, 0.00, 0.00, 0.00, 0.00, 1.00
332,  0,  11.044,  0.98,  1, 0.40, 0.44, 0.00, 0.07, 0.04, 0.00, 0.00, 1.31, 0.14, 1.37, 0.90, 2.04, 0.07, 0.00, 0.57, 0.47, 1.95, 1.00, 0.00, 0.00, 1.00, 0.00, 0.00, 0.00, 1.00, 0.00, 1.00, 1.00, 1.00, 0.00, 0.00, 0.00, 0.00, 0.00, 1.00
333,  0,  11.078,  0.98,  1, 0.40, 0.64, 0.00, 0.11, 0.08, 0.00, 0.02, 1.36, 0.11, 1.49, 0.89, 2.20, 0.05, 0.00, 0.55, 0.62, 2.13, 1.00, 1.00, 0.00, 1.00, 0.00, 0.00, 0.00, 1.00, 0.00, 1.00, 1.00, 1.00, 0.00, 0.00, 0.00, 0.00, 0.00, 1.00
334,  0,  11.111,  0.98,  1, 0.39, 0.76, 0.00, 0.19, 0.14, 0.00, 0.02, 1.25, 0.14, 1.73, 0.92, 2.14, 0.04, 0.00, 0.46, 0.56, 1.85, 1.00, 1.00, 0.00, 1.00, 0.00, 0.00, 0.00, 1.00, 0.00, 1.00, 1.00, 1.00, 0.00, 0.00, 0.00, 0.00, 0.00, 1.00
335,  0,  11.144,  0.98,  1, 0.26, 0.68, 0.00, 0.23, 0.22, 0.00, 0.02, 1.21, 0.14, 1.72, 0.89, 2.02, 0.07, 0.00, 0.31, 0.49, 1.18, 1.00, 1.00, 0.00, 1.00, 0.00, 0.00, 0.00, 1.00, 0.00, 1.00, 1.00, 1.00, 0.00, 0.00, 0.00, 0.00, 0.00, 1.00
336,  0,  11.178,  0.98,  1, 0.19, 0.55, 0.00, 0.24, 0.22, 0.00, 0.01, 1.27, 0.14, 1.50, 0.81, 1.89, 0.09, 0.01, 0.23, 0.42, 0.84, 0.00, 1.00, 0.00, 1.00, 0.00, 0.00, 0.00, 1.00, 0.00, 1.00, 1.00, 1.00, 0.00, 0.00, 0.00, 0.00, 0.00, 0.00
337,  0,  11.211,  0.98,  1, 0.12, 0.24, 0.00, 0.14, 0.23, 0.00, 0.04, 1.36, 0.14, 1.41, 0.71, 1.91, 0.09, 0.01, 0.14, 0.50, 0.33, 0.00, 1.00, 0.00, 1.00, 0.00, 0.00, 0.00, 1.00, 0.00, 1.00, 1.00, 1.00, 0.00, 0.00, 0.00, 0.00, 0.00, 0.00
338,  0,  11.245,  0.98,  1, 0.15, 0.13, 0.00, 0.06, 0.24, 0.00, 0.11, 1.41, 0.16, 1.48, 0.69, 1.96, 0.06, 0.01, 0.20, 0.66, 0.18, 0.00, 1.00, 0.00, 1.00, 0.00, 0.00, 0.00, 1.00, 0.00, 1.00, 1.00, 1.00, 0.00, 0.00, 0.00, 0.00, 0.00, 0.00
339,  0,  11.278,  0.98,  1, 0.14, 0.01, 0.00, 0.07, 0.21, 0.00, 0.11, 1.36, 0.12, 1.52, 0.74, 1.94, 0.14, 0.00, 0.25, 0.67, 0.00, 0.00, 1.00, 0.00, 1.00, 0.00, 0.00, 0.00, 1.00, 0.00, 1.00, 1.00, 1.00, 0.00, 0.00, 0.00, 0.00, 0.00, 0.00
340,  0,  11.311,  0.98,  1, 0.10, 0.02, 0.00, 0.11, 0.20, 0.00, 0.07, 1.24, 0.06, 1.44, 0.86, 1.78, 0.24, 0.01, 0.27, 0.57, 0.00, 0.00, 1.00, 0.00, 1.00, 0.00, 0.00, 0.00, 1.00, 0.00, 1.00, 1.00, 1.00, 0.00, 0.00, 0.00, 0.00, 0.00, 0.00
341,  0,  11.345,  0.98,  1, 0.14, 0.08, 0.00, 0.11, 0.22, 0.00, 0.00, 1.19, 0.08, 1.42, 0.90, 1.79, 0.30, 0.01, 0.18, 0.52, 0.00, 0.00, 0.00, 0.00, 1.00, 0.00, 0.00, 0.00, 1.00, 0.00, 1.00, 1.00, 1.00, 0.00, 0.00, 0.00, 0.00, 0.00, 0.00
342,  0,  11.378,  0.98,  1, 0.20, 0.14, 0.00, 0.04, 0.29, 0.00, 0.00, 1.26, 0.16, 1.44, 0.84, 1.93, 0.29, 0.03, 0.08, 0.69, 0.00, 0.00, 0.00, 0.00, 0.00, 0.00, 0.00, 0.00, 1.00, 0.00, 1.00, 1.00, 1.00, 0.00, 0.00, 0.00, 0.00, 0.00, 0.00
343,  0,  11.411,  0.98,  1, 0.19, 0.13, 0.00, 0.01, 0.32, 0.00, 0.00, 1.40, 0.24, 1.47, 0.85, 2.02, 0.20, 0.03, 0.00, 0.72, 0.00, 0.00, 1.00, 0.00, 0.00, 0.00, 0.00, 0.00, 1.00, 0.00, 1.00, 1.00, 1.00, 0.00, 0.00, 0.00, 0.00, 0.00, 0.00
344,  0,  11.445,  0.98,  1, 0.09, 0.06, 0.00, 0.01, 0.31, 0.00, 0.01, 1.42, 0.22, 1.48, 0.90, 1.98, 0.13, 0.02, 0.00, 0.69, 0.00, 0.00, 1.00, 0.00, 0.00, 0.00, 0.00, 0.00, 1.00, 0.00, 1.00, 1.00, 1.00, 0.00, 0.00, 0.00, 0.00, 0.00, 0.00
345,  0,  11.478,  0.98,  1, 0.01, 0.02, 0.00, 0.02, 0.26, 0.00, 0.01, 1.42, 0.17, 1.48, 0.92, 1.88, 0.03, 0.04, 0.00, 0.53, 0.00, 0.00, 1.00, 0.00, 0.00, 0.00, 0.00, 0.00, 1.00, 0.00, 1.00, 1.00, 1.00, 0.00, 0.00, 0.00, 0.00, 0.00, 0.00
346,  0,  11.512,  0.98,  1, 0.01, 0.02, 0.00, 0.03, 0.25, 0.00, 0.01, 1.38, 0.12, 1.51, 0.83, 1.86, 0.03, 0.09, 0.00, 0.48, 0.00, 0.00, 0.00, 0.00, 1.00, 0.00, 0.00, 0.00, 1.00, 0.00, 1.00, 1.00, 1.00, 0.00, 0.00, 0.00, 0.00, 0.00, 0.00
347,  0,  11.545,  0.98,  1, 0.10, 0.02, 0.00, 0.06, 0.29, 0.00, 0.00, 1.36, 0.17, 1.49, 0.75, 1.86, 0.00, 0.09, 0.01, 0.50, 0.02, 0.00, 0.00, 0.00, 1.00, 0.00, 0.00, 0.00, 1.00, 0.00, 1.00, 1.00, 1.00, 0.00, 0.00, 0.00, 0.00, 0.00, 0.00
348,  0,  11.578,  0.98,  1, 0.17, 0.00, 0.00, 0.11, 0.34, 0.00, 0.00, 1.35, 0.24, 1.43, 0.74, 1.87, 0.00, 0.04, 0.05, 0.58, 0.04, 0.00, 0.00, 0.00, 1.00, 0.00, 0.00, 0.00, 1.00, 0.00, 1.00, 1.00, 1.00, 0.00, 0.00, 0.00, 0.00, 0.00, 0.00
349,  0,  11.612,  0.98,  1, 0.26, 0.00, 0.00, 0.12, 0.40, 0.00, 0.04, 1.31, 0.27, 1.36, 0.81, 1.87, 0.00, 0.03, 0.05, 0.64, 0.04, 0.00, 0.00, 0.00, 1.00, 0.00, 0.00, 0.00, 1.00, 0.00, 1.00, 1.00, 1.00, 0.00, 0.00, 0.00, 0.00, 0.00, 0.00
350,  0,  11.645,  0.98,  1, 0.27, 0.00, 0.00, 0.13, 0.40, 0.00, 0.07, 1.25, 0.22, 1.38, 0.84, 1.92, 0.00, 0.06, 0.04, 0.59, 0.03, 0.00, 0.00, 0.00, 1.00, 0.00, 0.00, 0.00, 1.00, 0.00, 1.00, 1.00, 1.00, 0.00, 0.00, 0.00, 0.00, 0.00, 0.00
351,  0,  11.678,  0.98,  1, 0.34, 0.00, 0.00, 0.06, 0.42, 0.00, 0.07, 1.13, 0.18, 1.48, 0.90, 1.92, 0.00, 0.06, 0.00, 0.56, 0.01, 0.00, 0.00, 0.00, 1.00, 0.00, 0.00, 0.00, 1.00, 0.00, 1.00, 1.00, 1.00, 0.00, 0.00, 0.00, 0.00, 0.00, 0.00
352,  0,  11.712,  0.98,  1, 0.37, 0.00, 0.00, 0.04, 0.42, 0.00, 0.03, 1.03, 0.18, 1.57, 0.88, 1.87, 0.00, 0.03, 0.00, 0.58, 0.01, 0.00, 0.00, 0.00, 1.00, 0.00, 0.00, 0.00, 1.00, 0.00, 1.00, 1.00, 1.00, 0.00, 0.00, 0.00, 0.00, 0.00, 0.00
353,  0,  11.745,  0.98,  1, 0.32, 0.00, 0.00, 0.00, 0.40, 0.00, 0.02, 1.07, 0.20, 1.65, 0.79, 1.69, 0.00, 0.06, 0.00, 0.58, 0.01, 0.00, 0.00, 0.00, 1.00, 0.00, 0.00, 0.00, 1.00, 0.00, 1.00, 1.00, 1.00, 0.00, 0.00, 0.00, 0.00, 0.00, 0.00
354,  0,  11.778,  0.98,  1, 0.24, 0.00, 0.00, 0.00, 0.38, 0.00, 0.05, 1.13, 0.22, 1.66, 0.67, 1.57, 0.01, 0.11, 0.00, 0.51, 0.02, 0.00, 0.00, 0.00, 1.00, 0.00, 0.00, 0.00, 1.00, 0.00, 1.00, 1.00, 1.00, 0.00, 0.00, 0.00, 0.00, 0.00, 0.00
355,  0,  11.812,  0.98,  1, 0.21, 0.01, 0.00, 0.00, 0.41, 0.00, 0.05, 1.16, 0.25, 1.58, 0.55, 1.47, 0.01, 0.11, 0.00, 0.45, 0.02, 0.00, 0.00, 0.00, 1.00, 0.00, 0.00, 0.00, 1.00, 0.00, 1.00, 1.00, 1.00, 0.00, 0.00, 0.00, 0.00, 0.00, 0.00
356,  0,  11.845,  0.98,  1, 0.28, 0.01, 0.00, 0.01, 0.46, 0.00, 0.03, 1.09, 0.25, 1.50, 0.53, 1.49, 0.01, 0.05, 0.00, 0.45, 0.02, 0.00, 0.00, 0.00, 1.00, 0.00, 0.00, 0.00, 1.00, 0.00, 1.00, 1.00, 1.00, 0.00, 0.00, 0.00, 0.00, 0.00, 0.00
357,  0,  11.879,  0.98,  1, 0.30, 0.12, 0.00, 0.01, 0.46, 0.00, 0.00, 1.09, 0.25, 1.44, 0.53, 1.46, 0.00, 0.04, 0.00, 0.43, 0.00, 0.00, 0.00, 0.00, 1.00, 0.00, 0.00, 0.00, 1.00, 0.00, 1.00, 1.00, 1.00, 0.00, 0.00, 0.00, 0.00, 0.00, 0.00
358,  0,  11.912,  0.98,  1, 0.23, 0.19, 0.00, 0.01, 0.42, 0.00, 0.00, 1.14, 0.23, 1.40, 0.49, 1.48, 0.00, 0.08, 0.00, 0.38, 0.00, 0.00, 0.00, 0.00, 1.00, 0.00, 0.00, 0.00, 1.00, 0.00, 1.00, 1.00, 1.00, 0.00, 0.00, 0.00, 0.00, 0.00, 0.00
359,  0,  11.945,  0.98,  1, 0.24, 0.24, 0.00, 0.08, 0.42, 0.00, 0.00, 1.20, 0.17, 1.36, 0.50, 1.45, 0.00, 0.09, 0.00, 0.35, 0.00, 0.00, 0.00, 0.00, 1.00, 0.00, 0.00, 0.00, 1.00, 0.00, 1.00, 1.00, 1.00, 0.00, 0.00, 0.00, 0.00, 0.00, 0.00
360,  0,  11.979,  0.98,  1, 0.35, 0.13, 0.00, 0.09, 0.43, 0.00, 0.00, 1.16, 0.10, 1.28, 0.48, 1.44, 0.00, 0.06, 0.00, 0.42, 0.00, 0.00, 0.00, 0.00, 1.00, 0.00, 0.00, 0.00, 1.00, 0.00, 1.00, 1.00, 1.00, 0.00, 0.00, 0.00, 0.00, 0.00, 0.00
361,  0,  12.012,  0.98,  1, 0.32, 0.06, 0.00, 0.09, 0.45, 0.00, 0.03, 1.21, 0.12, 1.31, 0.54, 1.42, 0.00, 0.02, 0.06, 0.46, 0.00, 0.00, 0.00, 0.00, 1.00, 0.00, 0.00, 0.00, 1.00, 0.00, 1.00, 1.00, 1.00, 0.00, 0.00, 0.00, 0.00, 0.00, 0.00
362,  0,  12.045,  0.98,  1, 0.21, 0.01, 0.00, 0.00, 0.42, 0.00, 0.08, 1.25, 0.19, 1.34, 0.51, 1.45, 0.01, 0.01, 0.10, 0.49, 0.00, 0.00, 0.00, 0.00, 1.00, 0.00, 0.00, 0.00, 1.00, 0.00, 1.00, 1.00, 1.00, 0.00, 0.00, 0.00, 0.00, 0.00, 0.00
363,  0,  12.079,  0.98,  1, 0.15, 0.00, 0.00, 0.00, 0.47, 0.00, 0.10, 1.20, 0.24, 1.39, 0.63, 1.53, 0.01, 0.00, 0.12, 0.43, 0.00, 0.00, 0.00, 0.00, 1.00, 0.00, 0.00, 0.00, 1.00, 0.00, 1.00, 1.00, 1.00, 0.00, 0.00, 0.00, 0.00, 0.00, 0.00
364,  0,  12.112,  0.98,  1, 0.29, 0.00, 0.00, 0.00, 0.49, 0.00, 0.10, 1.06, 0.22, 1.45, 0.72, 1.60, 0.01, 0.00, 0.10, 0.48, 0.01, 0.00, 0.00, 0.00, 0.00, 0.00, 0.00, 0.00, 1.00, 0.00, 1.00, 1.00, 1.00, 0.00, 0.00, 0.00, 0.00, 0.00, 0.00
365,  0,  12.145,  0.98,  1, 0.36, 0.00, 0.00, 0.00, 0.45, 0.00, 0.05, 1.04, 0.16, 1.44, 0.72, 1.59, 0.00, 0.00, 0.05, 0.35, 0.01, 0.00, 0.00, 0.00, 0.00, 0.00, 0.00, 0.00, 1.00, 0.00, 1.00, 1.00, 1.00, 0.00, 0.00, 0.00, 0.00, 0.00, 0.00
366,  0,  12.179,  0.98,  1, 0.34, 0.00, 0.00, 0.00, 0.37, 0.00, 0.03, 1.14, 0.13, 1.40, 0.60, 1.51, 0.00, 0.00, 0.03, 0.21, 0.01, 0.00, 0.00, 0.00, 0.00, 0.00, 0.00, 0.00, 1.00, 0.00, 1.00, 1.00, 1.00, 0.00, 0.00, 0.00, 0.00, 0.00, 0.00
367,  0,  12.212,  0.98,  1, 0.25, 0.00, 0.00, 0.00, 0.31, 0.00, 0.00, 1.19, 0.11, 1.26, 0.57, 1.54, 0.05, 0.00, 0.00, 0.15, 0.00, 0.00, 0.00, 0.00, 0.00, 0.00, 0.00, 0.00, 1.00, 0.00, 1.00, 1.00, 1.00, 0.00, 0.00, 0.00, 0.00, 0.00, 0.00
368,  0,  12.246,  0.98,  1, 0.24, 0.00, 0.00, 0.00, 0.30, 0.00, 0.00, 1.15, 0.12, 1.17, 0.68, 1.64, 0.07, 0.00, 0.00, 0.27, 0.00, 0.00, 0.00, 0.00, 0.00, 0.00, 0.00, 0.00, 1.00, 0.00, 1.00, 1.00, 1.00, 0.00, 0.00, 0.00, 0.00, 0.00, 0.00
369,  0,  12.279,  0.98,  1, 0.27, 0.00, 0.00, 0.00, 0.25, 0.00, 0.00, 1.06, 0.10, 1.13, 0.75, 1.75, 0.11, 0.00, 0.00, 0.34, 0.00, 0.00, 0.00, 0.00, 0.00, 0.00, 0.00, 0.00, 1.00, 0.00, 1.00, 1.00, 1.00, 0.00, 0.00, 0.00, 0.00, 0.00, 0.00
370,  0,  12.312,  0.98,  1, 0.35, 0.00, 0.00, 0.00, 0.21, 0.00, 0.00, 1.02, 0.07, 1.16, 0.75, 1.75, 0.09, 0.01, 0.00, 0.27, 0.00, 0.00, 0.00, 0.00, 0.00, 0.00, 0.00, 0.00, 1.00, 0.00, 1.00, 1.00, 1.00, 0.00, 0.00, 0.00, 0.00, 0.00, 0.00
371,  0,  12.346,  0.98,  1, 0.43, 0.00, 0.00, 0.00, 0.20, 0.00, 0.01, 0.92, 0.03, 1.08, 0.65, 1.73, 0.11, 0.01, 0.10, 0.23, 0.21, 0.00, 0.00, 0.00, 1.00, 0.00, 0.00, 0.00, 1.00, 0.00, 1.00, 1.00, 1.00, 0.00, 0.00, 0.00, 0.00, 0.00, 0.00
372,  0,  12.379,  0.98,  1, 0.44, 0.00, 0.00, 0.00, 0.23, 0.00, 0.01, 0.88, 0.02, 1.03, 0.56, 1.74, 0.12, 0.00, 0.18, 0.26, 0.42, 0.00, 0.00, 0.00, 1.00, 0.00, 0.00, 0.00, 1.00, 0.00, 1.00, 1.00, 1.00, 0.00, 0.00, 0.00, 0.00, 0.00, 1.00
373,  0,  12.412,  0.98,  1, 0.40, 0.00, 0.00, 0.00, 0.24, 0.00, 0.03, 0.88, 0.01, 1.02, 0.43, 1.68, 0.08, 0.00, 0.34, 0.21, 0.94, 0.00, 0.00, 0.00, 1.00, 0.00, 0.00, 0.00, 1.00, 0.00, 1.00, 1.00, 1.00, 0.00, 0.00, 0.00, 0.00, 0.00, 1.00
374,  0,  12.446,  0.98,  1, 0.35, 0.00, 0.00, 0.00, 0.24, 0.00, 0.06, 0.91, 0.02, 1.07, 0.36, 1.69, 0.07, 0.00, 0.34, 0.12, 1.22, 0.00, 0.00, 0.00, 1.00, 0.00, 0.00, 0.00, 1.00, 0.00, 1.00, 1.00, 1.00, 0.00, 0.00, 0.00, 0.00, 0.00, 1.00
375,  0,  12.479,  0.98,  1, 0.21, 0.00, 0.00, 0.00, 0.28, 0.00, 0.09, 0.98, 0.06, 1.27, 0.33, 1.65, 0.03, 0.00, 0.26, 0.15, 1.06, 0.00, 0.00, 0.00, 1.00, 0.00, 0.00, 0.00, 1.00, 0.00, 1.00, 1.00, 1.00, 0.00, 0.00, 0.00, 0.00, 0.00, 1.00
376,  0,  12.513,  0.98,  1, 0.11, 0.00, 0.00, 0.00, 0.35, 0.00, 0.11, 1.00, 0.09, 1.36, 0.36, 1.68, 0.08, 0.00, 0.16, 0.27, 0.57, 0.00, 0.00, 0.00, 1.00, 0.00, 0.00, 0.00, 1.00, 0.00, 1.00, 1.00, 1.00, 0.00, 0.00, 0.00, 0.00, 0.00, 0.00
377,  0,  12.546,  0.98,  1, 0.00, 0.00, 0.00, 0.00, 0.32, 0.00, 0.12, 0.99, 0.12, 1.45, 0.39, 1.61, 0.05, 0.00, 0.06, 0.34, 0.08, 0.00, 0.00, 0.00, 1.00, 0.00, 0.00, 0.00, 1.00, 0.00, 1.00, 1.00, 1.00, 0.00, 0.00, 0.00, 0.00, 0.00, 0.00
378,  0,  12.579,  0.98,  1, 0.00, 0.00, 0.00, 0.00, 0.25, 0.00, 0.13, 0.98, 0.11, 1.39, 0.37, 1.56, 0.05, 0.00, 0.06, 0.31, 0.03, 0.00, 0.00, 0.00, 1.00, 0.00, 0.00, 0.00, 1.00, 0.00, 1.00, 1.00, 1.00, 0.00, 0.00, 0.00, 0.00, 0.00, 0.00
379,  0,  12.613,  0.98,  1, 0.00, 0.00, 0.00, 0.00, 0.23, 0.00, 0.11, 1.08, 0.08, 1.37, 0.23, 1.51, 0.00, 0.04, 0.00, 0.24, 0.00, 0.00, 0.00, 0.00, 1.00, 0.00, 0.00, 0.00, 1.00, 0.00, 1.00, 1.00, 1.00, 0.00, 0.00, 0.00, 0.00, 0.00, 0.00
380,  0,  12.646,  0.98,  1, 0.00, 0.00, 0.00, 0.00, 0.30, 0.00, 0.11, 1.12, 0.06, 1.42, 0.11, 1.55, 0.00, 0.11, 0.00, 0.19, 0.00, 0.00, 0.00, 0.00, 1.00, 0.00, 0.00, 0.00, 1.00, 0.00, 1.00, 1.00, 1.00, 0.00, 0.00, 0.00, 0.00, 0.00, 0.00
381,  0,  12.679,  0.98,  1, 0.00, 0.00, 0.00, 0.00, 0.40, 0.00, 0.09, 1.21, 0.19, 1.44, 0.01, 1.52, 0.05, 0.11, 0.02, 0.17, 0.00, 0.00, 0.00, 0.00, 1.00, 0.00, 0.00, 0.00, 1.00, 0.00, 1.00, 1.00, 1.00, 0.00, 0.00, 0.00, 0.00, 0.00, 0.00
382,  0,  12.713,  0.98,  1, 0.00, 0.00, 0.00, 0.00, 0.46, 0.00, 0.08, 1.20, 0.33, 1.47, 0.00, 1.47, 0.07, 0.07, 0.03, 0.17, 0.00, 0.00, 0.00, 0.00, 1.00, 0.00, 0.00, 0.00, 1.00, 0.00, 1.00, 1.00, 1.00, 0.00, 0.00, 0.00, 0.00, 0.00, 0.00
383,  0,  12.746,  0.98,  1, 0.00, 0.00, 0.00, 0.00, 0.45, 0.00, 0.03, 1.36, 0.45, 1.52, 0.16, 1.45, 0.10, 0.00, 0.05, 0.23, 0.00, 0.00, 0.00, 0.00, 1.00, 0.00, 0.00, 0.00, 1.00, 0.00, 1.00, 1.00, 1.00, 0.00, 0.00, 0.00, 0.00, 0.00, 0.00
384,  0,  12.779,  0.98,  1, 0.01, 0.00, 0.00, 0.00, 0.40, 0.00, 0.01, 1.47, 0.41, 1.57, 0.35, 1.53, 0.06, 0.00, 0.08, 0.27, 0.00, 0.00, 0.00, 0.00, 1.00, 0.00, 0.00, 0.00, 1.00, 0.00, 1.00, 1.00, 1.00, 0.00, 0.00, 0.00, 0.00, 0.00, 0.00
385,  0,  12.813,  0.98,  1, 0.01, 0.08, 0.00, 0.00, 0.31, 0.00, 0.00, 1.47, 0.37, 1.54, 0.35, 1.55, 0.08, 0.00, 0.07, 0.24, 0.45, 0.00, 0.00, 0.00, 1.00, 0.00, 0.00, 0.00, 1.00, 0.00, 1.00, 1.00, 1.00, 0.00, 0.00, 0.00, 0.00, 0.00, 0.00
386,  0,  12.846,  0.98,  1, 0.02, 0.19, 0.00, 0.00, 0.32, 0.00, 0.00, 1.41, 0.39, 1.53, 0.22, 1.50, 0.07, 0.00, 0.05, 0.19, 0.89, 0.00, 0.00, 0.00, 1.00, 0.00, 0.00, 0.00, 1.00, 0.00, 1.00, 1.00, 1.00, 0.00, 0.00, 0.00, 0.00, 0.00, 1.00
387,  0,  12.880,  0.98,  1, 0.19, 0.42, 0.00, 0.00, 0.27, 0.00, 0.02, 1.33, 0.37, 1.51, 0.11, 1.42, 0.06, 0.00, 0.10, 0.14, 1.55, 0.00, 0.00, 0.00, 1.00, 0.00, 0.00, 0.00, 1.00, 0.00, 1.00, 1.00, 1.00, 0.00, 0.00, 0.00, 0.00, 0.00, 1.00
388,  0,  12.913,  0.98,  1, 0.37, 0.48, 0.00, 0.00, 0.23, 0.00, 0.03, 1.31, 0.34, 1.55, 0.14, 1.44, 0.02, 0.00, 0.21, 0.17, 1.75, 0.00, 0.00, 0.00, 1.00, 0.00, 0.00, 0.00, 1.00, 0.00, 1.00, 1.00, 1.00, 0.00, 0.00, 0.00, 0.00, 0.00, 1.00
389,  0,  12.946,  0.98,  1, 0.38, 0.44, 0.00, 0.00, 0.22, 0.00, 0.03, 1.21, 0.30, 1.59, 0.19, 1.50, 0.09, 0.00, 0.21, 0.30, 1.71, 0.00, 0.00, 0.00, 1.00, 0.00, 0.00, 0.00, 1.00, 0.00, 1.00, 1.00, 1.00, 0.00, 0.00, 0.00, 0.00, 0.00, 1.00
390,  0,  12.980,  0.98,  1, 0.27, 0.28, 0.00, 0.00, 0.26, 0.00, 0.05, 1.16, 0.28, 1.66, 0.18, 1.48, 0.20, 0.00, 0.22, 0.40, 1.53, 0.00, 0.00, 0.00, 1.00, 0.00, 0.00, 0.00, 1.00, 0.00, 1.00, 1.00, 1.00, 0.00, 0.00, 0.00, 0.00, 0.00, 1.00
391,  0,  13.013,  0.98,  1, 0.10, 0.16, 0.00, 0.00, 0.32, 0.00, 0.04, 1.13, 0.29, 1.70, 0.29, 1.45, 0.22, 0.00, 0.12, 0.55, 0.88, 0.00, 0.00, 0.00, 1.00, 0.00, 0.00, 0.00, 1.00, 0.00, 1.00, 1.00, 1.00, 0.00, 0.00, 0.00, 0.00, 0.00, 1.00
392,  0,  13.046,  0.98,  1, 0.07, 0.09, 0.00, 0.00, 0.32, 0.00, 0.04, 1.14, 0.29, 1.72, 0.37, 1.38, 0.17, 0.00, 0.11, 0.54, 0.58, 0.00, 0.00, 0.00, 1.00, 0.00, 0.00, 0.00, 1.00, 0.00, 1.00, 1.00, 1.00, 0.00, 0.00, 0.00, 0.00, 0.00, 0.00
393,  0,  13.080,  0.98,  1, 0.00, 0.03, 0.00, 0.00, 0.32, 0.00, 0.00, 1.23, 0.30, 1.69, 0.40, 1.43, 0.06, 0.00, 0.07, 0.60, 0.14, 0.00, 0.00, 0.00, 1.00, 0.00, 0.00, 0.00, 1.00, 0.00, 1.00, 1.00, 1.00, 0.00, 0.00, 0.00, 0.00, 0.00, 0.00
394,  0,  13.113,  0.98,  1, 0.00, 0.01, 0.00, 0.00, 0.33, 0.00, 0.00, 1.31, 0.28, 1.68, 0.37, 1.46, 0.03, 0.00, 0.14, 0.62, 0.17, 0.00, 0.00, 0.00, 1.00, 0.00, 0.00, 0.00, 1.00, 0.00, 1.00, 1.00, 1.00, 0.00, 0.00, 0.00, 0.00, 0.00, 0.00
395,  0,  13.146,  0.98,  1, 0.00, 0.00, 0.00, 0.00, 0.28, 0.00, 0.00, 1.36, 0.28, 1.64, 0.35, 1.49, 0.00, 0.00, 0.20, 0.61, 0.08, 0.00, 0.00, 0.00, 1.00, 0.00, 0.00, 0.00, 1.00, 0.00, 1.00, 1.00, 1.00, 0.00, 0.00, 0.00, 0.00, 0.00, 0.00
396,  0,  13.180,  0.98,  1, 0.00, 0.00, 0.00, 0.00, 0.23, 0.00, 0.00, 1.37, 0.29, 1.65, 0.35, 1.49, 0.00, 0.00, 0.20, 0.55, 0.04, 0.00, 0.00, 0.00, 1.00, 0.00, 0.00, 0.00, 1.00, 0.00, 1.00, 1.00, 1.00, 0.00, 0.00, 0.00, 0.00, 0.00, 0.00
397,  0,  13.213,  0.98,  1, 0.01, 0.00, 0.00, 0.03, 0.19, 0.00, 0.00, 1.31, 0.31, 1.72, 0.41, 1.43, 0.00, 0.00, 0.24, 0.51, 0.01, 0.00, 0.00, 0.00, 1.00, 0.00, 0.00, 0.00, 1.00, 0.00, 1.00, 1.00, 1.00, 0.00, 0.00, 0.00, 0.00, 0.00, 0.00
398,  0,  13.247,  0.98,  1, 0.01, 0.00, 0.00, 0.06, 0.22, 0.00, 0.00, 1.25, 0.32, 1.77, 0.46, 1.39, 0.00, 0.00, 0.28, 0.52, 0.00, 0.00, 0.00, 0.00, 1.00, 0.00, 0.00, 0.00, 1.00, 0.00, 1.00, 1.00, 1.00, 0.00, 0.00, 0.00, 0.00, 0.00, 0.00
399,  0,  13.280,  0.98,  1, 0.01, 0.00, 0.00, 0.06, 0.29, 0.00, 0.00, 1.09, 0.34, 1.72, 0.58, 1.37, 0.00, 0.02, 0.21, 0.57, 0.00, 0.00, 0.00, 0.00, 1.00, 0.00, 0.00, 0.00, 1.00, 0.00, 1.00, 1.00, 1.00, 0.00, 0.00, 0.00, 0.00, 0.00, 0.00
400,  0,  13.313,  0.98,  1, 0.00, 0.00, 0.00, 0.03, 0.35, 0.00, 0.00, 0.99, 0.37, 1.66, 0.62, 1.38, 0.00, 0.05, 0.14, 0.60, 0.00, 0.00, 0.00, 0.00, 1.00, 0.00, 0.00, 0.00, 1.00, 0.00, 1.00, 1.00, 1.00, 0.00, 0.00, 0.00, 0.00, 0.00, 0.00
401,  0,  13.347,  0.98,  1, 0.06, 0.00, 0.00, 0.00, 0.40, 0.00, 0.06, 0.96, 0.34, 1.64, 0.55, 1.34, 0.04, 0.05, 0.04, 0.59, 0.00, 0.00, 0.00, 0.00, 1.00, 0.00, 0.00, 0.00, 1.00, 0.00, 1.00, 1.00, 1.00, 0.00, 0.00, 0.00, 0.00, 0.00, 0.00
402,  0,  13.380,  0.98,  1, 0.12, 0.02, 0.00, 0.00, 0.39, 0.00, 0.11, 1.03, 0.30, 1.71, 0.47, 1.33, 0.08, 0.03, 0.04, 0.56, 0.00, 0.00, 0.00, 0.00, 1.00, 0.00, 0.00, 0.00, 1.00, 0.00, 1.00, 1.00, 1.00, 0.00, 0.00, 0.00, 0.00, 0.00, 0.00
403,  0,  13.413,  0.98,  1, 0.12, 0.02, 0.00, 0.02, 0.40, 0.00, 0.11, 1.06, 0.27, 1.58, 0.48, 1.40, 0.08, 0.03, 0.03, 0.50, 0.00, 0.00, 0.00, 0.00, 1.00, 0.00, 0.00, 0.00, 1.00, 0.00, 1.00, 1.00, 1.00, 0.00, 0.00, 0.00, 0.00, 0.00, 0.00
404,  0,  13.447,  0.98,  1, 0.05, 0.02, 0.00, 0.06, 0.43, 0.00, 0.05, 1.07, 0.30, 1.38, 0.60, 1.48, 0.04, 0.05, 0.10, 0.46, 0.00, 0.00, 0.00, 0.00, 1.00, 0.00, 0.00, 0.00, 1.00, 0.00, 1.00, 1.00, 1.00, 0.00, 0.00, 0.00, 0.00, 0.00, 0.00
405,  0,  13.480,  0.98,  1, 0.00, 0.00, 0.00, 0.06, 0.41, 0.00, 0.00, 1.02, 0.31, 1.27, 0.64, 1.54, 0.00, 0.07, 0.10, 0.44, 0.00, 0.00, 0.00, 0.00, 1.00, 0.00, 0.00, 0.00, 1.00, 0.00, 1.00, 1.00, 1.00, 0.00, 0.00, 0.00, 0.00, 0.00, 0.00
406,  0,  13.514,  0.98,  1, 0.00, 0.00, 0.00, 0.04, 0.36, 0.00, 0.00, 1.05, 0.29, 1.31, 0.64, 1.52, 0.00, 0.07, 0.08, 0.38, 0.00, 0.00, 0.00, 0.00, 1.00, 0.00, 0.00, 0.00, 1.00, 0.00, 1.00, 1.00, 1.00, 0.00, 0.00, 0.00, 0.00, 0.00, 0.00
407,  0,  13.547,  0.98,  1, 0.00, 0.00, 0.00, 0.05, 0.33, 0.00, 0.00, 1.04, 0.30, 1.49, 0.55, 1.50, 0.01, 0.05, 0.00, 0.37, 0.00, 0.00, 0.00, 0.00, 1.00, 0.00, 0.00, 0.00, 1.00, 0.00, 1.00, 1.00, 1.00, 0.00, 0.00, 0.00, 0.00, 0.00, 0.00
408,  0,  13.580,  0.98,  1, 0.00, 0.00, 0.00, 0.05, 0.34, 0.00, 0.00, 1.08, 0.33, 1.53, 0.51, 1.45, 0.04, 0.02, 0.00, 0.37, 0.00, 0.00, 0.00, 0.00, 1.00, 0.00, 0.00, 0.00, 1.00, 0.00, 1.00, 1.00, 1.00, 0.00, 0.00, 0.00, 0.00, 0.00, 0.00
409,  0,  13.614,  0.98,  1, 0.00, 0.00, 0.00, 0.09, 0.30, 0.00, 0.00, 1.08, 0.38, 1.60, 0.39, 1.29, 0.04, 0.03, 0.07, 0.43, 0.00, 0.00, 0.00, 0.00, 1.00, 0.00, 0.00, 0.00, 1.00, 0.00, 1.00, 1.00, 1.00, 0.00, 0.00, 0.00, 0.00, 0.00, 0.00
410,  0,  13.647,  0.98,  1, 0.00, 0.00, 0.00, 0.10, 0.23, 0.00, 0.00, 1.06, 0.38, 1.51, 0.36, 1.14, 0.04, 0.04, 0.07, 0.47, 0.00, 0.00, 0.00, 0.00, 1.00, 0.00, 0.00, 0.00, 1.00, 0.00, 1.00, 1.00, 1.00, 0.00, 0.00, 0.00, 0.00, 0.00, 0.00
411,  0,  13.680,  0.98,  1, 0.00, 0.00, 0.00, 0.10, 0.19, 0.00, 0.00, 1.00, 0.37, 1.58, 0.22, 1.11, 0.10, 0.07, 0.14, 0.44, 0.00, 0.00, 0.00, 0.00, 1.00, 0.00, 0.00, 0.00, 1.00, 0.00, 1.00, 1.00, 1.00, 0.00, 0.00, 0.00, 0.00, 0.00, 0.00
412,  0,  13.714,  0.98,  1, 0.00, 0.00, 0.00, 0.10, 0.21, 0.00, 0.06, 0.96, 0.31, 1.68, 0.15, 1.26, 0.14, 0.11, 0.12, 0.44, 0.00, 0.00, 0.00, 0.00, 1.00, 0.00, 0.00, 0.00, 1.00, 0.00, 1.00, 1.00, 0.00, 0.00, 0.00, 0.00, 0.00, 0.00, 0.00
413,  0,  13.747,  0.98,  1, 0.00, 0.00, 0.00, 0.04, 0.29, 0.00, 0.06, 0.96, 0.29, 1.69, 0.29, 1.25, 0.25, 0.10, 0.12, 0.39, 0.00, 0.00, 0.00, 0.00, 1.00, 0.00, 0.00, 0.00, 1.00, 0.00, 1.00, 1.00, 0.00, 0.00, 0.00, 0.00, 0.00, 0.00, 0.00
414,  0,  13.780,  0.98,  1, 0.00, 0.00, 0.00, 0.04, 0.34, 0.00, 0.05, 0.95, 0.30, 1.60, 0.46, 1.16, 0.27, 0.07, 0.06, 0.38, 0.00, 0.00, 0.00, 0.00, 1.00, 0.00, 0.00, 0.00, 1.00, 0.00, 1.00, 1.00, 0.00, 0.00, 0.00, 0.00, 0.00, 0.00, 0.00
415,  0,  13.814,  0.98,  1, 0.00, 0.00, 0.00, 0.01, 0.40, 0.00, 0.00, 0.96, 0.36, 1.43, 0.59, 1.07, 0.31, 0.00, 0.15, 0.36, 0.00, 0.00, 0.00, 0.00, 1.00, 0.00, 0.00, 0.00, 1.00, 0.00, 1.00, 1.00, 0.00, 0.00, 0.00, 0.00, 0.00, 0.00, 0.00
416,  0,  13.847,  0.98,  1, 0.00, 0.00, 0.00, 0.00, 0.41, 0.00, 0.00, 0.97, 0.39, 1.37, 0.47, 1.14, 0.28, 0.00, 0.24, 0.41, 0.00, 0.00, 0.00, 0.00, 1.00, 0.00, 0.00, 0.00, 1.00, 0.00, 1.00, 1.00, 0.00, 0.00, 0.00, 0.00, 0.00, 0.00, 0.00
417,  0,  13.881,  0.98,  1, 0.00, 0.00, 0.00, 0.00, 0.38, 0.00, 0.02, 0.99, 0.40, 1.29, 0.40, 1.22, 0.22, 0.00, 0.33, 0.43, 0.00, 0.00, 0.00, 0.00, 1.00, 0.00, 0.00, 0.00, 1.00, 0.00, 1.00, 1.00, 0.00, 0.00, 0.00, 0.00, 0.00, 0.00, 0.00
418,  0,  13.914,  0.98,  1, 0.00, 0.00, 0.00, 0.00, 0.35, 0.00, 0.02, 1.01, 0.37, 1.26, 0.39, 1.19, 0.22, 0.00, 0.33, 0.40, 0.00, 0.00, 0.00, 0.00, 0.00, 0.00, 0.00, 0.00, 1.00, 0.00, 1.00, 0.00, 0.00, 0.00, 0.00, 0.00, 0.00, 0.00, 0.00
419,  0,  13.947,  0.98,  1, 0.00, 0.00, 0.00, 0.00, 0.27, 0.00, 0.02, 0.99, 0.34, 1.14, 0.34, 1.24, 0.18, 0.03, 0.31, 0.38, 0.00, 0.00, 0.00, 0.00, 0.00, 0.00, 0.00, 0.00, 1.00, 0.00, 1.00, 0.00, 0.00, 0.00, 0.00, 0.00, 0.00, 0.00, 0.00
420,  0,  13.981,  0.98,  1, 0.00, 0.00, 0.00, 0.00, 0.22, 0.00, 0.00, 1.00, 0.34, 0.95, 0.24, 1.15, 0.15, 0.03, 0.28, 0.36, 0.00, 0.00, 0.00, 0.00, 0.00, 0.00, 0.00, 0.00, 1.00, 0.00, 1.00, 0.00, 1.00, 0.00, 0.00, 0.00, 0.00, 0.00, 0.00
421,  0,  14.014,  0.98,  1, 0.00, 0.00, 0.00, 0.04, 0.14, 0.00, 0.00, 0.93, 0.30, 0.95, 0.07, 1.25, 0.15, 0.07, 0.15, 0.26, 0.00, 0.00, 0.00, 0.00, 1.00, 0.00, 0.00, 0.00, 1.00, 0.00, 1.00, 0.00, 1.00, 0.00, 0.00, 0.00, 0.00, 0.00, 0.00
422,  0,  14.047,  0.98,  1, 0.00, 0.00, 0.00, 0.11, 0.12, 0.00, 0.00, 0.92, 0.26, 1.06, 0.00, 1.22, 0.19, 0.08, 0.09, 0.13, 0.00, 0.00, 0.00, 0.00, 1.00, 0.00, 0.00, 0.00, 1.00, 0.00, 1.00, 0.00, 1.00, 0.00, 0.00, 0.00, 0.00, 0.00, 0.00
423,  0,  14.081,  0.98,  1, 0.00, 0.00, 0.00, 0.13, 0.11, 0.00, 0.00, 0.90, 0.22, 1.27, 0.00, 1.27, 0.17, 0.13, 0.01, 0.20, 0.00, 0.00, 0.00, 0.00, 1.00, 0.00, 0.00, 0.00, 1.00, 0.00, 1.00, 0.00, 1.00, 0.00, 0.00, 0.00, 0.00, 0.00, 0.00
424,  0,  14.114,  0.98,  1, 0.00, 0.00, 0.00, 0.10, 0.13, 0.00, 0.00, 0.93, 0.22, 1.34, 0.00, 1.20, 0.09, 0.14, 0.00, 0.34, 0.00, 0.00, 0.00, 0.00, 1.00, 0.00, 0.00, 0.00, 1.00, 0.00, 1.00, 0.00, 1.00, 0.00, 0.00, 0.00, 0.00, 0.00, 0.00
425,  0,  14.147,  0.98,  1, 0.00, 0.00, 0.00, 0.03, 0.25, 0.00, 0.02, 1.00, 0.27, 1.49, 0.00, 1.10, 0.01, 0.11, 0.04, 0.42, 0.00, 0.00, 0.00, 0.00, 1.00, 0.00, 0.00, 0.00, 1.00, 0.00, 1.00, 0.00, 1.00, 0.00, 0.00, 0.00, 0.00, 0.00, 0.00
426,  0,  14.181,  0.98,  1, 0.00, 0.00, 0.00, 0.01, 0.35, 0.00, 0.03, 1.05, 0.34, 1.62, 0.00, 1.01, 0.01, 0.05, 0.08, 0.34, 0.00, 0.00, 0.00, 0.00, 1.00, 0.00, 0.00, 0.00, 1.00, 0.00, 1.00, 0.00, 0.00, 0.00, 0.00, 0.00, 0.00, 0.00, 0.00
427,  0,  14.214,  0.98,  1, 0.00, 0.00, 0.00, 0.01, 0.43, 0.00, 0.03, 1.06, 0.38, 1.62, 0.00, 0.97, 0.01, 0.00, 0.08, 0.24, 0.25, 0.00, 0.00, 0.00, 1.00, 0.00, 0.00, 0.00, 1.00, 0.00, 1.00, 0.00, 0.00, 0.00, 0.00, 0.00, 0.00, 0.00, 0.00
428,  0,  14.248,  0.98,  1, 0.00, 0.00, 0.00, 0.01, 0.42, 0.00, 0.01, 1.05, 0.36, 1.51, 0.00, 1.02, 0.00, 0.00, 0.04, 0.19, 0.52, 0.00, 0.00, 0.00, 1.00, 0.00, 0.00, 0.00, 1.00, 0.00, 1.00, 0.00, 0.00, 0.00, 0.00, 0.00, 0.00, 0.00, 1.00
429,  0,  14.281,  0.98,  1, 0.02, 0.00, 0.00, 0.05, 0.37, 0.00, 0.00, 0.95, 0.29, 1.27, 0.00, 1.01, 0.00, 0.00, 0.08, 0.17, 1.24, 0.00, 0.00, 0.00, 1.00, 0.00, 0.00, 0.00, 1.00, 0.00, 1.00, 0.00, 0.00, 0.00, 0.00, 0.00, 0.00, 0.00, 1.00
430,  0,  14.314,  0.98,  1, 0.03, 0.00, 0.00, 0.07, 0.34, 0.00, 0.00, 0.88, 0.25, 1.17, 0.00, 0.91, 0.00, 0.00, 0.15, 0.20, 1.71, 0.00, 0.00, 0.00, 1.00, 0.00, 0.00, 0.00, 1.00, 0.00, 1.00, 0.00, 0.00, 0.00, 0.00, 0.00, 0.00, 0.00, 1.00
431,  0,  14.348,  0.98,  1, 0.06, 0.00, 0.00, 0.07, 0.30, 0.00, 0.00, 0.77, 0.24, 1.07, 0.00, 0.78, 0.00, 0.00, 0.17, 0.18, 1.87, 0.00, 0.00, 0.00, 0.00, 0.00, 0.00, 0.00, 1.00, 0.00, 1.00, 0.00, 0.00, 0.00, 0.00, 0.00, 0.00, 0.00, 1.00
432,  0,  14.381,  0.98,  1, 0.07, 0.00, 0.00, 0.03, 0.31, 0.00, 0.00, 0.73, 0.27, 1.09, 0.00, 0.74, 0.00, 0.00, 0.12, 0.12, 1.61, 0.00, 0.00, 0.00, 1.00, 0.00, 0.00, 0.00, 1.00, 0.00, 1.00, 0.00, 0.00, 0.00, 0.00, 0.00, 0.00, 0.00, 1.00
433,  0,  14.414,  0.98,  1, 0.05, 0.00, 0.00, 0.00, 0.36, 0.00, 0.00, 0.73, 0.29, 1.15, 0.00, 0.62, 0.00, 0.00, 0.14, 0.10, 1.00, 0.00, 0.00, 0.00, 1.00, 0.00, 0.00, 0.00, 1.00, 0.00, 1.00, 0.00, 0.00, 0.00, 0.00, 0.00, 0.00, 0.00, 1.00
434,  0,  14.448,  0.98,  1, 0.02, 0.00, 0.00, 0.00, 0.44, 0.00, 0.00, 0.77, 0.29, 1.23, 0.00, 0.49, 0.00, 0.00, 0.20, 0.09, 0.65, 0.00, 0.00, 0.00, 1.00, 0.00, 0.00, 0.00, 1.00, 0.00, 1.00, 0.00, 0.00, 0.00, 0.00, 0.00, 0.00, 0.00, 0.00
435,  0,  14.481,  0.98,  1, 0.00, 0.00, 0.00, 0.00, 0.48, 0.00, 0.00, 0.78, 0.34, 1.25, 0.00, 0.35, 0.00, 0.00, 0.25, 0.09, 0.20, 0.00, 0.00, 0.00, 1.00, 0.00, 0.00, 0.00, 1.00, 0.00, 1.00, 0.00, 0.00, 0.00, 0.00, 0.00, 0.00, 0.00, 0.00
436,  0,  14.515,  0.98,  1, 0.00, 0.00, 0.00, 0.00, 0.47, 0.00, 0.00, 0.78, 0.39, 1.22, 0.00, 0.31, 0.00, 0.00, 0.22, 0.03, 0.09, 0.00, 0.00, 0.00, 1.00, 0.00, 0.00, 0.00, 1.00, 0.00, 1.00, 0.00, 0.00, 0.00, 0.00, 0.00, 0.00, 0.00, 0.00
437,  0,  14.548,  0.98,  1, 0.00, 0.00, 0.00, 0.00, 0.44, 0.00, 0.00, 0.76, 0.43, 1.21, 0.00, 0.37, 0.00, 0.00, 0.18, 0.03, 0.00, 0.00, 0.00, 0.00, 1.00, 0.00, 0.00, 0.00, 1.00, 0.00, 1.00, 0.00, 0.00, 0.00, 0.00, 0.00, 0.00, 0.00, 0.00
438,  0,  14.581,  0.98,  1, 0.00, 0.00, 0.00, 0.00, 0.41, 0.00, 0.00, 0.76, 0.42, 1.21, 0.00, 0.43, 0.00, 0.00, 0.14, 0.07, 0.00, 0.00, 0.00, 0.00, 1.00, 0.00, 0.00, 0.00, 1.00, 0.00, 1.00, 0.00, 0.00, 0.00, 0.00, 0.00, 0.00, 0.00, 0.00
439,  0,  14.615,  0.98,  1, 0.00, 0.00, 0.00, 0.00, 0.45, 0.00, 0.00, 0.74, 0.42, 1.28, 0.00, 0.53, 0.00, 0.05, 0.13, 0.10, 0.00, 0.00, 0.00, 0.00, 1.00, 0.00, 0.00, 0.00, 1.00, 0.00, 1.00, 0.00, 0.00, 0.00, 0.00, 0.00, 0.00, 0.00, 0.00
440,  0,  14.648,  0.98,  1, 0.00, 0.00, 0.00, 0.06, 0.47, 0.00, 0.00, 0.70, 0.40, 1.34, 0.00, 0.60, 0.00, 0.10, 0.15, 0.07, 0.00, 0.00, 0.00, 0.00, 1.00, 0.00, 0.00, 0.00, 1.00, 0.00, 1.00, 0.00, 0.00, 0.00, 0.00, 0.00, 0.00, 0.00, 0.00
441,  0,  14.681,  0.98,  1, 0.00, 0.00, 0.00, 0.06, 0.49, 0.00, 0.00, 0.73, 0.41, 1.45, 0.00, 0.55, 0.00, 0.10, 0.16, 0.03, 0.00, 0.00, 0.00, 0.00, 1.00, 0.00, 0.00, 0.00, 1.00, 0.00, 1.00, 0.00, 0.00, 0.00, 0.00, 0.00, 0.00, 0.00, 0.00
442,  0,  14.715,  0.98,  1, 0.00, 0.00, 0.00, 0.06, 0.45, 0.00, 0.00, 0.75, 0.43, 1.50, 0.00, 0.43, 0.00, 0.05, 0.14, 0.00, 0.00, 0.00, 0.00, 0.00, 0.00, 0.00, 0.00, 0.00, 1.00, 0.00, 1.00, 0.00, 0.00, 0.00, 0.00, 0.00, 0.00, 0.00, 0.00
443,  0,  14.748,  0.98,  1, 0.00, 0.00, 0.00, 0.00, 0.40, 0.00, 0.00, 0.77, 0.44, 1.58, 0.00, 0.43, 0.00, 0.04, 0.14, 0.02, 0.00, 0.00, 0.00, 0.00, 0.00, 0.00, 0.00, 0.00, 1.00, 0.00, 1.00, 0.00, 0.00, 0.00, 0.00, 0.00, 0.00, 0.00, 0.00
444,  0,  14.781,  0.98,  1, 0.00, 0.00, 0.00, 0.00, 0.38, 0.00, 0.00, 0.75, 0.41, 1.62, 0.00, 0.53, 0.00, 0.08, 0.15, 0.04, 0.00, 0.00, 0.00, 0.00, 0.00, 0.00, 0.00, 0.00, 1.00, 0.00, 1.00, 0.00, 0.00, 0.00, 0.00, 0.00, 0.00, 0.00, 0.00
445,  0,  14.815,  0.98,  1, 0.00, 0.00, 0.00, 0.00, 0.38, 0.00, 0.00, 0.72, 0.38, 1.65, 0.00, 0.51, 0.00, 0.08, 0.15, 0.04, 0.05, 0.00, 0.00, 0.00, 0.00, 0.00, 0.00, 0.00, 1.00, 0.00, 1.00, 0.00, 0.00, 0.00, 0.00, 0.00, 0.00, 0.00, 0.00
446,  0,  14.848,  0.98,  1, 0.00, 0.00, 0.00, 0.00, 0.41, 0.00, 0.00, 0.67, 0.37, 1.62, 0.00, 0.37, 0.00, 0.03, 0.15, 0.05, 0.05, 0.00, 0.00, 0.00, 0.00, 0.00, 0.00, 0.00, 1.00, 0.00, 1.00, 0.00, 0.00, 0.00, 0.00, 0.00, 0.00, 0.00, 0.00
447,  0,  14.882,  0.98,  1, 0.22, 0.19, 0.00, 0.00, 0.35, 0.00, 0.00, 0.75, 0.47, 1.67, 0.00, 0.26, 0.00, 0.00, 0.17, 0.06, 0.76, 0.00, 0.00, 0.00, 0.00, 0.00, 0.00, 0.00, 1.00, 0.00, 1.00, 0.00, 0.00, 0.00, 0.00, 0.00, 0.00, 0.00, 0.00
448,  0,  14.915,  0.98,  1, 0.45, 0.36, 0.00, 0.00, 0.25, 0.00, 0.00, 0.82, 0.55, 1.80, 0.00, 0.34, 0.00, 0.00, 0.16, 0.12, 1.38, 1.00, 0.00, 0.00, 0.00, 0.00, 0.00, 0.00, 1.00, 0.00, 1.00, 0.00, 0.00, 0.00, 0.00, 0.00, 0.00, 0.00, 1.00
449,  0,  14.948,  0.98,  1, 0.68, 0.59, 0.00, 0.10, 0.23, 0.00, 0.00, 0.88, 0.61, 1.85, 0.00, 0.42, 0.00, 0.00, 0.25, 0.09, 2.25, 1.00, 0.00, 0.00, 0.00, 0.00, 0.00, 0.00, 1.00, 0.00, 1.00, 0.00, 0.00, 0.00, 0.00, 0.00, 0.00, 0.00, 1.00
450,  0,  14.982,  0.98,  1, 0.75, 0.62, 0.00, 0.12, 0.28, 0.00, 0.00, 0.74, 0.57, 1.79, 0.00, 0.48, 0.00, 0.00, 0.24, 0.06, 2.41, 1.00, 0.00, 0.00, 1.00, 0.00, 0.00, 0.00, 1.00, 0.00, 1.00, 0.00, 0.00, 0.00, 0.00, 0.00, 0.00, 0.00, 1.00
451,  0,  15.015,  0.98,  1, 0.61, 0.50, 0.00, 0.20, 0.41, 0.00, 0.00, 0.69, 0.51, 1.55, 0.00, 0.51, 0.00, 0.00, 0.26, 0.00, 2.27, 1.00, 0.00, 0.00, 1.00, 0.00, 0.00, 0.00, 1.00, 0.00, 1.00, 0.00, 0.00, 0.00, 0.00, 0.00, 0.00, 0.00, 1.00
452,  0,  15.048,  0.98,  1, 0.52, 0.41, 0.00, 0.14, 0.47, 0.00, 0.00, 0.66, 0.47, 1.36, 0.00, 0.53, 0.00, 0.00, 0.14, 0.00, 1.90, 1.00, 0.00, 0.00, 1.00, 0.00, 0.00, 0.00, 1.00, 0.00, 1.00, 0.00, 0.00, 0.00, 0.00, 0.00, 0.00, 0.00, 1.00
453,  0,  15.082,  0.98,  1, 0.34, 0.21, 0.00, 0.12, 0.56, 0.00, 0.00, 0.77, 0.42, 1.31, 0.00, 0.57, 0.00, 0.00, 0.12, 0.04, 1.14, 1.00, 0.00, 0.00, 1.00, 0.00, 0.00, 0.00, 1.00, 0.00, 1.00, 0.00, 0.00, 0.00, 0.00, 0.00, 0.00, 0.00, 1.00
454,  0,  15.115,  0.98,  1, 0.37, 0.18, 0.00, 0.04, 0.62, 0.00, 0.00, 0.82, 0.40, 1.36, 0.00, 0.61, 0.00, 0.00, 0.10, 0.05, 0.73, 0.00, 0.00, 0.00, 1.00, 0.00, 0.00, 0.00, 1.00, 0.00, 1.00, 0.00, 0.00, 0.00, 0.00, 0.00, 0.00, 0.00, 0.00
455,  0,  15.148,  0.98,  1, 0.24, 0.04, 0.00, 0.01, 0.62, 0.00, 0.00, 0.88, 0.39, 1.45, 0.00, 0.62, 0.00, 0.00, 0.08, 0.22, 0.24, 0.00, 0.00, 0.00, 1.00, 0.00, 0.00, 0.00, 1.00, 0.00, 1.00, 0.00, 0.00, 0.00, 0.00, 0.00, 0.00, 0.00, 0.00
456,  0,  15.182,  0.98,  1, 0.14, 0.02, 0.00, 0.01, 0.58, 0.00, 0.00, 0.83, 0.41, 1.48, 0.00, 0.56, 0.00, 0.00, 0.03, 0.33, 0.15, 0.00, 0.00, 0.00, 1.00, 0.00, 0.00, 0.00, 1.00, 0.00, 1.00, 0.00, 0.00, 0.00, 0.00, 0.00, 0.00, 0.00, 0.00
457,  0,  15.215,  0.98,  1, 0.02, 0.00, 0.00, 0.00, 0.52, 0.00, 0.00, 0.82, 0.47, 1.34, 0.00, 0.61, 0.00, 0.00, 0.01, 0.34, 0.04, 0.00, 0.00, 0.00, 1.00, 0.00, 0.00, 0.00, 1.00, 0.00, 1.00, 0.00, 0.00, 0.00, 0.00, 0.00, 0.00, 0.00, 0.00
458,  0,  15.249,  0.98,  1, 0.02, 0.00, 0.00, 0.00, 0.49, 0.00, 0.00, 0.85, 0.50, 1.15, 0.00, 0.66, 0.00, 0.00, 0.00, 0.25, 0.03, 1.00, 1.00, 0.00, 1.00, 0.00, 0.00, 0.00, 1.00, 0.00, 1.00, 0.00, 0.00, 0.00, 0.00, 0.00, 0.00, 0.00, 0.00
459,  0,  15.282,  0.98,  1, 0.16, 0.09, 0.00, 0.00, 0.47, 0.00, 0.00, 0.85, 0.41, 1.06, 0.03, 0.74, 0.00, 0.00, 0.00, 0.17, 0.00, 1.00, 1.00, 0.00, 0.00, 0.00, 0.00, 0.00, 1.00, 0.00, 1.00, 0.00, 0.00, 0.00, 0.00, 0.00, 0.00, 0.00, 0.00
460,  0,  15.315,  0.98,  1, 0.28, 0.22, 0.00, 0.00, 0.45, 0.00, 0.00, 0.82, 0.30, 1.15, 0.07, 0.72, 0.00, 0.00, 0.04, 0.23, 0.00, 1.00, 1.00, 0.00, 0.00, 0.00, 0.00, 0.00, 1.00, 0.00, 1.00, 0.00, 0.00, 0.00, 0.00, 0.00, 0.00, 0.00, 0.00
461,  0,  15.349,  0.98,  1, 0.32, 0.24, 0.00, 0.00, 0.45, 0.00, 0.00, 0.79, 0.18, 1.20, 0.11, 0.67, 0.00, 0.00, 0.04, 0.15, 0.00, 1.00, 1.00, 0.00, 0.00, 0.00, 0.00, 0.00, 1.00, 0.00, 1.00, 0.00, 0.00, 0.00, 0.00, 0.00, 0.00, 0.00, 0.00
462,  0,  15.382,  0.98,  1, 0.23, 0.15, 0.00, 0.00, 0.43, 0.00, 0.00, 0.84, 0.18, 1.22, 0.09, 0.62, 0.00, 0.00, 0.04, 0.09, 0.00, 1.00, 1.00, 0.00, 0.00, 0.00, 0.00, 0.00, 1.00, 0.00, 1.00, 0.00, 0.00, 0.00, 0.00, 0.00, 0.00, 0.00, 0.00
463,  0,  15.415,  0.98,  1, 0.23, 0.02, 0.00, 0.02, 0.43, 0.00, 0.00, 0.94, 0.19, 1.24, 0.06, 0.64, 0.00, 0.00, 0.14, 0.00, 0.00, 1.00, 1.00, 0.00, 0.00, 0.00, 0.00, 0.00, 1.00, 0.00, 1.00, 0.00, 0.00, 0.00, 0.00, 0.00, 0.00, 0.00, 0.00
464,  0,  15.449,  0.98,  1, 0.26, 0.00, 0.00, 0.02, 0.40, 0.00, 0.00, 0.95, 0.21, 1.28, 0.04, 0.69, 0.03, 0.00, 0.26, 0.00, 0.00, 0.00, 0.00, 0.00, 0.00, 0.00, 0.00, 0.00, 1.00, 0.00, 1.00, 0.00, 0.00, 0.00, 0.00, 0.00, 0.00, 0.00, 0.00
465,  0,  15.482,  0.98,  1, 0.26, 0.00, 0.00, 0.02, 0.37, 0.00, 0.00, 0.99, 0.27, 1.29, 0.03, 0.69, 0.03, 0.00, 0.32, 0.07, 0.00, 0.00, 0.00, 0.00, 0.00, 0.00, 0.00, 0.00, 1.00, 0.00, 1.00, 0.00, 0.00, 0.00, 0.00, 0.00, 0.00, 0.00, 0.00
466,  0,  15.516,  0.98,  1, 0.17, 0.00, 0.00, 0.00, 0.35, 0.00, 0.00, 0.97, 0.31, 1.26, 0.02, 0.59, 0.03, 0.00, 0.25, 0.12, 0.00, 0.00, 0.00, 0.00, 0.00, 0.00, 0.00, 0.00, 1.00, 0.00, 1.00, 0.00, 0.00, 0.00, 0.00, 0.00, 0.00, 0.00, 0.00
467,  0,  15.549,  0.98,  1, 0.11, 0.00, 0.00, 0.00, 0.33, 0.00, 0.00, 1.00, 0.30, 1.36, 0.04, 0.70, 0.00, 0.00, 0.17, 0.23, 0.00, 0.00, 0.00, 0.00, 0.00, 0.00, 0.00, 0.00, 1.00, 0.00, 1.00, 0.00, 0.00, 0.00, 0.00, 0.00, 0.00, 0.00, 0.00
468,  0,  15.582,  0.98,  1, 0.08, 0.00, 0.00, 0.00, 0.33, 0.00, 0.00, 1.00, 0.27, 1.47, 0.08, 0.80, 0.00, 0.00, 0.18, 0.27, 0.00, 0.00, 0.00, 0.00, 0.00, 0.00, 0.00, 0.00, 1.00, 0.00, 1.00, 0.00, 0.00, 0.00, 0.00, 0.00, 0.00, 0.00, 0.00
469,  0,  15.616,  0.98,  1, 0.07, 0.00, 0.00, 0.04, 0.32, 0.00, 0.00, 1.06, 0.24, 1.49, 0.08, 1.00, 0.00, 0.00, 0.14, 0.23, 0.00, 0.00, 0.00, 0.00, 0.00, 0.00, 0.00, 0.00, 1.00, 0.00, 1.00, 0.00, 0.00, 0.00, 0.00, 0.00, 0.00, 0.00, 0.00
470,  0,  15.649,  0.98,  1, 0.08, 0.05, 0.00, 0.11, 0.30, 0.00, 0.00, 1.09, 0.24, 1.43, 0.04, 1.04, 0.00, 0.00, 0.11, 0.11, 0.00, 0.00, 0.00, 0.00, 0.00, 0.00, 0.00, 0.00, 1.00, 0.00, 1.00, 0.00, 0.00, 0.00, 0.00, 0.00, 0.00, 0.00, 0.00
471,  0,  15.682,  0.98,  1, 0.05, 0.05, 0.00, 0.11, 0.32, 0.00, 0.00, 1.07, 0.24, 1.33, 0.01, 1.05, 0.00, 0.00, 0.11, 0.03, 0.00, 0.00, 0.00, 0.00, 0.00, 0.00, 0.00, 0.00, 1.00, 0.00, 1.00, 0.00, 0.00, 0.00, 0.00, 0.00, 0.00, 0.00, 0.00
472,  0,  15.716,  0.98,  1, 0.05, 0.05, 0.00, 0.07, 0.35, 0.00, 0.00, 0.98, 0.24, 1.30, 0.01, 0.98, 0.00, 0.00, 0.13, 0.03, 0.00, 0.00, 0.00, 0.00, 0.00, 0.00, 0.00, 0.00, 1.00, 0.00, 1.00, 0.00, 0.00, 0.00, 0.00, 0.00, 0.00, 0.00, 0.00
473,  0,  15.749,  0.98,  1, 0.09, 0.07, 0.00, 0.00, 0.29, 0.00, 0.00, 1.00, 0.29, 1.35, 0.01, 0.79, 0.00, 0.00, 0.14, 0.03, 0.77, 0.00, 0.00, 0.00, 0.00, 0.00, 0.00, 0.00, 1.00, 0.00, 1.00, 0.00, 0.00, 0.00, 0.00, 0.00, 0.00, 0.00, 0.00
474,  0,  15.782,  0.98,  1, 0.18, 0.17, 0.00, 0.00, 0.18, 0.00, 0.00, 1.03, 0.32, 1.43, 0.00, 0.73, 0.00, 0.00, 0.10, 0.00, 1.47, 0.00, 0.00, 0.00, 0.00, 0.00, 0.00, 0.00, 1.00, 0.00, 1.00, 0.00, 0.00, 0.00, 0.00, 0.00, 0.00, 0.00, 1.00
475,  0,  15.816,  0.98,  1, 0.31, 0.21, 0.00, 0.12, 0.16, 0.00, 0.00, 1.04, 0.35, 1.45, 0.00, 0.68, 0.00, 0.00, 0.15, 0.00, 2.15, 0.00, 0.00, 0.00, 0.00, 0.00, 0.00, 0.00, 1.00, 0.00, 1.00, 0.00, 0.00, 0.00, 0.00, 0.00, 0.00, 0.00, 1.00
476,  0,  15.849,  0.98,  1, 0.32, 0.17, 0.00, 0.25, 0.26, 0.00, 0.00, 1.02, 0.35, 1.31, 0.00, 0.72, 0.00, 0.00, 0.24, 0.00, 2.04, 0.00, 0.00, 0.00, 0.00, 0.00, 0.00, 0.00, 1.00, 0.00, 1.00, 0.00, 0.00, 0.00, 0.00, 0.00, 0.00, 0.00, 1.00
477,  0,  15.883,  0.98,  1, 0.24, 0.07, 0.00, 0.29, 0.38, 0.00, 0.02, 0.97, 0.32, 1.22, 0.00, 0.70, 0.00, 0.00, 0.33, 0.06, 1.56, 0.00, 0.00, 0.00, 0.00, 0.00, 0.00, 0.00, 1.00, 0.00, 1.00, 0.00, 0.00, 0.00, 0.00, 0.00, 0.00, 0.00, 1.00
478,  0,  15.916,  0.98,  1, 0.14, 0.03, 0.00, 0.18, 0.45, 0.00, 0.05, 0.97, 0.31, 1.26, 0.00, 0.73, 0.00, 0.00, 0.34, 0.13, 1.13, 0.00, 0.00, 0.00, 0.00, 0.00, 0.00, 0.00, 1.00, 0.00, 1.00, 0.00, 0.00, 0.00, 0.00, 0.00, 0.00, 0.00, 1.00
479,  0,  15.949,  0.98,  1, 0.08, 0.00, 0.00, 0.06, 0.44, 0.00, 0.05, 0.91, 0.28, 1.24, 0.02, 0.73, 0.00, 0.00, 0.27, 0.16, 0.47, 0.00, 0.00, 0.00, 1.00, 0.00, 0.00, 0.00, 1.00, 0.00, 1.00, 0.00, 0.00, 0.00, 0.00, 0.00, 0.00, 0.00, 1.00
480,  0,  15.983,  0.98,  1, 0.06, 0.00, 0.00, 0.02, 0.33, 0.00, 0.03, 0.83, 0.22, 1.23, 0.07, 0.74, 0.00, 0.01, 0.22, 0.10, 0.25, 0.00, 0.00, 0.00, 1.00, 0.00, 0.00, 0.00, 1.00, 0.00, 1.00, 0.00, 0.00, 0.00, 0.00, 0.00, 0.00, 0.00, 0.00
481,  0,  16.016,  0.98,  1, 0.03, 0.00, 0.00, 0.01, 0.21, 0.00, 0.00, 0.73, 0.17, 1.23, 0.07, 0.74, 0.05, 0.01, 0.17, 0.16, 0.06, 0.00, 0.00, 0.00, 1.00, 0.00, 0.00, 0.00, 1.00, 0.00, 1.00, 0.00, 0.00, 0.00, 0.00, 0.00, 0.00, 0.00, 0.00
482,  0,  16.049,  0.98,  1, 0.00, 0.00, 0.00, 0.00, 0.17, 0.00, 0.00, 0.68, 0.15, 1.35, 0.05, 0.80, 0.07, 0.01, 0.18, 0.23, 0.10, 0.00, 0.00, 0.00, 1.00, 0.00, 0.00, 0.00, 1.00, 0.00, 1.00, 0.00, 0.00, 0.00, 0.00, 0.00, 0.00, 0.00, 0.00
483,  0,  16.083,  0.98,  1, 0.00, 0.00, 0.00, 0.00, 0.27, 0.00, 0.00, 0.73, 0.21, 1.44, 0.11, 0.87, 0.07, 0.00, 0.12, 0.28, 0.10, 0.00, 0.00, 0.00, 1.00, 0.00, 0.00, 0.00, 1.00, 0.00, 1.00, 0.00, 0.00, 0.00, 0.00, 0.00, 0.00, 0.00, 0.00
484,  0,  16.116,  0.98,  1, 0.00, 0.00, 0.00, 0.03, 0.36, 0.00, 0.00, 0.79, 0.25, 1.48, 0.21, 0.89, 0.02, 0.00, 0.08, 0.21, 0.04, 0.00, 0.00, 0.00, 1.00, 0.00, 0.00, 0.00, 1.00, 0.00, 1.00, 0.00, 0.00, 0.00, 0.00, 0.00, 0.00, 0.00, 0.00
485,  0,  16.149,  0.98,  1, 0.00, 0.00, 0.00, 0.03, 0.37, 0.00, 0.00, 0.82, 0.24, 1.53, 0.22, 0.89, 0.00, 0.00, 0.09, 0.17, 0.05, 0.00, 0.00, 0.00, 1.00, 0.00, 0.00, 0.00, 1.00, 0.00, 1.00, 0.00, 0.00, 0.00, 0.00, 0.00, 0.00, 0.00, 0.00
486,  0,  16.183,  0.98,  1, 0.01, 0.00, 0.00, 0.03, 0.29, 0.00, 0.00, 0.83, 0.20, 1.53, 0.12, 0.87, 0.00, 0.00, 0.14, 0.17, 0.10, 0.00, 0.00, 0.00, 1.00, 0.00, 0.00, 0.00, 1.00, 0.00, 1.00, 0.00, 0.00, 0.00, 0.00, 0.00, 0.00, 0.00, 0.00
487,  0,  16.216,  0.98,  1, 0.01, 0.00, 0.00, 0.00, 0.30, 0.00, 0.00, 0.91, 0.27, 1.45, 0.02, 0.84, 0.00, 0.00, 0.20, 0.27, 0.10, 0.00, 0.00, 0.00, 1.00, 0.00, 0.00, 0.00, 1.00, 0.00, 1.00, 0.00, 0.00, 0.00, 0.00, 0.00, 0.00, 0.00, 0.00
488,  0,  16.250,  0.98,  1, 0.01, 0.00, 0.00, 0.00, 0.37, 0.00, 0.00, 0.97, 0.37, 1.38, 0.01, 0.84, 0.00, 0.00, 0.18, 0.37, 0.05, 0.00, 0.00, 0.00, 1.00, 0.00, 0.00, 0.00, 1.00, 0.00, 1.00, 0.00, 0.00, 0.00, 0.00, 0.00, 0.00, 0.00, 0.00
489,  0,  16.283,  0.98,  1, 0.00, 0.00, 0.00, 0.00, 0.46, 0.00, 0.00, 0.99, 0.43, 1.34, 0.00, 0.79, 0.00, 0.00, 0.20, 0.41, 0.00, 0.00, 0.00, 0.00, 1.00, 0.00, 0.00, 0.00, 1.00, 0.00, 1.00, 0.00, 0.00, 0.00, 0.00, 0.00, 0.00, 0.00, 0.00
490,  0,  16.316,  0.98,  1, 0.00, 0.00, 0.00, 0.00, 0.47, 0.00, 0.00, 0.94, 0.39, 1.38, 0.00, 0.77, 0.00, 0.00, 0.18, 0.36, 0.00, 0.00, 0.00, 0.00, 1.00, 0.00, 0.00, 0.00, 1.00, 0.00, 1.00, 0.00, 0.00, 0.00, 0.00, 0.00, 0.00, 0.00, 0.00
491,  0,  16.350,  0.98,  1, 0.01, 0.00, 0.00, 0.00, 0.43, 0.00, 0.00, 0.89, 0.33, 1.37, 0.08, 0.70, 0.00, 0.00, 0.21, 0.29, 0.00, 0.00, 0.00, 0.00, 1.00, 0.00, 0.00, 0.00, 1.00, 0.00, 1.00, 0.00, 0.00, 0.00, 0.00, 0.00, 0.00, 0.00, 0.00
492,  0,  16.383,  0.98,  1, 0.04, 0.00, 0.00, 0.00, 0.36, 0.00, 0.00, 0.89, 0.32, 1.37, 0.15, 0.71, 0.00, 0.00, 0.20, 0.30, 0.00, 0.00, 0.00, 0.00, 1.00, 0.00, 0.00, 0.00, 1.00, 0.00, 1.00, 0.00, 0.00, 0.00, 0.00, 0.00, 0.00, 0.00, 0.00
493,  0,  16.416,  0.98,  1, 0.04, 0.00, 0.00, 0.00, 0.36, 0.00, 0.00, 0.93, 0.36, 1.26, 0.15, 0.78, 0.01, 0.00, 0.25, 0.30, 0.00, 0.00, 0.00, 0.00, 1.00, 0.00, 0.00, 0.00, 1.00, 0.00, 1.00, 0.00, 0.00, 0.00, 0.00, 0.00, 0.00, 0.00, 0.00
494,  0,  16.450,  0.98,  1, 0.03, 0.00, 0.00, 0.00, 0.40, 0.00, 0.00, 0.97, 0.42, 1.17, 0.07, 0.91, 0.01, 0.00, 0.33, 0.30, 0.00, 0.00, 0.00, 0.00, 1.00, 0.00, 0.00, 0.00, 1.00, 0.00, 1.00, 0.00, 0.00, 0.00, 0.00, 0.00, 0.00, 0.00, 0.00
495,  0,  16.483,  0.98,  1, 0.00, 0.00, 0.00, 0.00, 0.45, 0.00, 0.00, 0.95, 0.40, 1.13, 0.06, 1.05, 0.04, 0.00, 0.31, 0.24, 0.02, 0.00, 0.00, 0.00, 1.00, 0.00, 0.00, 0.00, 1.00, 0.00, 1.00, 0.00, 0.00, 0.00, 0.00, 0.00, 0.00, 0.00, 0.00
496,  0,  16.517,  0.98,  1, 0.00, 0.00, 0.00, 0.00, 0.43, 0.00, 0.00, 0.83, 0.30, 1.24, 0.10, 1.09, 0.04, 0.00, 0.31, 0.21, 0.02, 0.00, 0.00, 0.00, 1.00, 0.00, 0.00, 0.00, 1.00, 0.00, 1.00, 0.00, 0.00, 0.00, 0.00, 0.00, 0.00, 0.00, 0.00
497,  0,  16.550,  0.98,  1, 0.00, 0.12, 0.00, 0.00, 0.43, 0.00, 0.00, 0.80, 0.27, 1.35, 0.19, 1.01, 0.05, 0.00, 0.23, 0.15, 0.02, 0.00, 0.00, 0.00, 1.00, 0.00, 0.00, 0.00, 1.00, 0.00, 1.00, 0.00, 0.00, 0.00, 0.00, 0.00, 0.00, 0.00, 0.00
498,  0,  16.583,  0.98,  1, 0.00, 0.21, 0.00, 0.00, 0.43, 0.00, 0.00, 0.84, 0.30, 1.31, 0.21, 0.90, 0.10, 0.00, 0.24, 0.13, 0.00, 0.00, 0.00, 0.00, 1.00, 0.00, 0.00, 0.00, 1.00, 0.00, 1.00, 0.00, 0.00, 0.00, 0.00, 0.00, 0.00, 0.00, 0.00
499,  0,  16.617,  0.98,  1, 0.04, 0.25, 0.00, 0.00, 0.48, 0.00, 0.00, 0.93, 0.37, 1.29, 0.17, 0.93, 0.09, 0.00, 0.30, 0.16, 0.00, 0.00, 0.00, 0.00, 1.00, 0.00, 0.00, 0.00, 1.00, 0.00, 1.00, 0.00, 0.00, 0.00, 0.00, 0.00, 0.00, 0.00, 0.00
500,  0,  16.650,  0.98,  1, 0.08, 0.13, 0.00, 0.02, 0.51, 0.00, 0.00, 0.94, 0.36, 1.31, 0.08, 1.05, 0.08, 0.00, 0.37, 0.22, 0.00, 0.00, 0.00, 0.00, 1.00, 0.00, 0.00, 0.00, 1.00, 0.00, 1.00, 0.00, 0.00, 0.00, 0.00, 0.00, 0.00, 0.00, 0.00
501,  0,  16.683,  0.98,  1, 0.08, 0.04, 0.00, 0.02, 0.52, 0.00, 0.00, 0.95, 0.33, 1.37, 0.04, 1.10, 0.00, 0.00, 0.49, 0.22, 0.00, 0.00, 0.00, 0.00, 1.00, 0.00, 0.00, 0.00, 1.00, 0.00, 1.00, 0.00, 0.00, 0.00, 0.00, 0.00, 0.00, 0.00, 0.00
502,  0,  16.717,  0.98,  1, 0.04, 0.00, 0.00, 0.02, 0.46, 0.00, 0.00, 0.95, 0.25, 1.36, 0.04, 1.06, 0.00, 0.00, 0.49, 0.11, 0.00, 0.00, 0.00, 0.00, 1.00, 0.00, 0.00, 0.00, 1.00, 0.00, 1.00, 0.00, 0.00, 0.00, 0.00, 0.00, 0.00, 0.00, 0.00
503,  0,  16.750,  0.98,  1, 0.00, 0.00, 0.00, 0.00, 0.51, 0.00, 0.00, 0.89, 0.19, 1.28, 0.04, 1.00, 0.00, 0.00, 0.50, 0.07, 0.07, 0.00, 0.00, 0.00, 1.00, 0.00, 0.00, 0.00, 1.00, 0.00, 1.00, 0.00, 0.00, 0.00, 0.00, 0.00, 0.00, 0.00, 0.00
504,  0,  16.783,  0.98,  1, 0.01, 0.00, 0.00, 0.00, 0.58, 0.00, 0.00, 0.83, 0.17, 1.25, 0.00, 0.99, 0.03, 0.00, 0.43, 0.11, 0.11, 0.00, 0.00, 0.00, 1.00, 0.00, 0.00, 0.00, 1.00, 0.00, 1.00, 0.00, 0.00, 0.00, 0.00, 0.00, 0.00, 0.00, 0.00
505,  0,  16.817,  0.98,  1, 0.01, 0.00, 0.00, 0.05, 0.65, 0.00, 0.00, 0.85, 0.20, 1.19, 0.00, 0.95, 0.09, 0.00, 0.30, 0.17, 0.24, 0.00, 0.00, 0.00, 1.00, 0.00, 0.00, 0.00, 1.00, 0.00, 1.00, 0.00, 0.00, 0.00, 0.00, 0.00, 0.00, 0.00, 0.00
506,  0,  16.850,  0.98,  1, 0.02, 0.00, 0.00, 0.08, 0.62, 0.00, 0.00, 0.94, 0.24, 1.20, 0.00, 0.96, 0.15, 0.00, 0.15, 0.17, 0.25, 0.00, 0.00, 0.00, 1.00, 0.00, 0.00, 0.00, 1.00, 0.00, 1.00, 0.00, 0.00, 0.00, 0.00, 0.00, 0.00, 0.00, 0.00
507,  0,  16.884,  0.98,  1, 0.05, 0.00, 0.00, 0.08, 0.56, 0.00, 0.00, 0.96, 0.25, 1.27, 0.00, 0.92, 0.17, 0.00, 0.15, 0.18, 0.26, 0.00, 0.00, 0.00, 1.00, 0.00, 0.00, 0.00, 1.00, 0.00, 1.00, 0.00, 0.00, 0.00, 0.00, 0.00, 0.00, 0.00, 0.00
508,  0,  16.917,  0.98,  1, 0.07, 0.00, 0.00, 0.03, 0.51, 0.00, 0.00, 0.91, 0.23, 1.38, 0.00, 0.87, 0.17, 0.00, 0.19, 0.17, 0.21, 0.00, 0.00, 0.00, 1.00, 0.00, 0.00, 0.00, 1.00, 0.00, 1.00, 0.00, 0.00, 0.00, 0.00, 0.00, 0.00, 0.00, 0.00
509,  0,  16.950,  0.98,  1, 0.17, 0.00, 0.00, 0.02, 0.48, 0.00, 0.00, 0.88, 0.23, 1.52, 0.00, 0.75, 0.21, 0.00, 0.22, 0.11, 0.12, 0.00, 0.00, 0.00, 1.00, 0.00, 0.00, 0.00, 1.00, 0.00, 1.00, 0.00, 0.00, 0.00, 0.00, 0.00, 0.00, 0.00, 0.00
510,  0,  16.984,  0.98,  1, 0.14, 0.00, 0.00, 0.01, 0.46, 0.00, 0.00, 0.89, 0.24, 1.45, 0.00, 0.68, 0.28, 0.00, 0.19, 0.07, 0.12, 0.00, 0.00, 0.00, 1.00, 0.00, 0.00, 0.00, 1.00, 0.00, 1.00, 0.00, 0.00, 0.00, 0.00, 0.00, 0.00, 0.00, 0.00
511,  0,  17.017,  0.98,  1, 0.13, 0.00, 0.00, 0.08, 0.46, 0.00, 0.00, 1.00, 0.28, 1.46, 0.00, 0.64, 0.24, 0.00, 0.22, 0.14, 0.10, 0.00, 0.00, 0.00, 1.00, 0.00, 0.00, 0.00, 1.00, 0.00, 1.00, 0.00, 0.00, 0.00, 0.00, 0.00, 0.00, 0.00, 0.00
512,  0,  17.050,  0.98,  1, 0.03, 0.00, 0.00, 0.19, 0.44, 0.00, 0.00, 1.15, 0.29, 1.40, 0.00, 0.68, 0.18, 0.00, 0.29, 0.24, 0.14, 0.00, 0.00, 0.00, 1.00, 0.00, 0.00, 0.00, 1.00, 0.00, 1.00, 0.00, 0.00, 0.00, 0.00, 0.00, 0.00, 0.00, 0.00
513,  0,  17.084,  0.98,  1, 0.03, 0.00, 0.00, 0.29, 0.43, 0.00, 0.06, 1.27, 0.30, 1.48, 0.06, 0.72, 0.06, 0.00, 0.44, 0.43, 0.15, 0.00, 0.00, 0.00, 1.00, 0.00, 0.00, 0.00, 1.00, 0.00, 1.00, 0.00, 0.00, 0.00, 0.00, 0.00, 0.00, 0.00, 0.00
514,  0,  17.117,  0.98,  1, 0.03, 0.00, 0.00, 0.34, 0.41, 0.00, 0.10, 1.26, 0.26, 1.49, 0.14, 0.73, 0.04, 0.00, 0.53, 0.51, 0.19, 0.00, 0.00, 0.00, 1.00, 0.00, 0.00, 0.00, 1.00, 0.00, 1.00, 0.00, 0.00, 0.00, 0.00, 0.00, 0.00, 0.00, 0.00
515,  0,  17.150,  0.98,  1, 0.05, 0.00, 0.00, 0.23, 0.41, 0.00, 0.10, 1.13, 0.22, 1.44, 0.21, 0.72, 0.04, 0.00, 0.52, 0.54, 0.23, 0.00, 0.00, 0.00, 1.00, 0.00, 0.00, 0.00, 1.00, 0.00, 1.00, 0.00, 0.00, 0.00, 0.00, 0.00, 0.00, 0.00, 0.00
516,  0,  17.184,  0.98,  1, 0.11, 0.01, 0.00, 0.13, 0.43, 0.00, 0.04, 1.12, 0.22, 1.36, 0.17, 0.75, 0.04, 0.00, 0.44, 0.42, 0.20, 0.00, 0.00, 0.00, 1.00, 0.00, 0.00, 0.00, 1.00, 0.00, 1.00, 0.00, 0.00, 0.00, 0.00, 0.00, 0.00, 0.00, 0.00
517,  0,  17.217,  0.98,  1, 0.09, 0.01, 0.00, 0.00, 0.45, 0.00, 0.01, 1.19, 0.25, 1.36, 0.09, 0.75, 0.04, 0.00, 0.40, 0.22, 0.10, 0.00, 0.00, 0.00, 1.00, 0.00, 0.00, 0.00, 1.00, 0.00, 1.00, 0.00, 0.00, 0.00, 0.00, 0.00, 0.00, 0.00, 0.00
518,  0,  17.251,  0.98,  1, 0.07, 0.01, 0.00, 0.00, 0.44, 0.00, 0.01, 1.30, 0.28, 1.44, 0.02, 0.75, 0.00, 0.00, 0.44, 0.12, 0.02, 0.00, 0.00, 0.00, 1.00, 0.00, 0.00, 0.00, 1.00, 0.00, 1.00, 0.00, 0.00, 0.00, 0.00, 0.00, 0.00, 0.00, 0.00
519,  0,  17.284,  0.98,  1, 0.00, 0.00, 0.00, 0.00, 0.43, 0.00, 0.01, 1.23, 0.33, 1.44, 0.09, 0.80, 0.00, 0.00, 0.45, 0.19, 0.04, 0.00, 0.00, 0.00, 1.00, 0.00, 0.00, 0.00, 1.00, 0.00, 1.00, 0.00, 0.00, 0.00, 0.00, 0.00, 0.00, 0.00, 0.00
520,  0,  17.317,  0.98,  1, 0.00, 0.00, 0.00, 0.00, 0.42, 0.00, 0.00, 1.13, 0.35, 1.34, 0.15, 0.82, 0.00, 0.00, 0.47, 0.33, 0.04, 0.00, 0.00, 0.00, 1.00, 0.00, 0.00, 0.00, 1.00, 0.00, 1.00, 0.00, 0.00, 0.00, 0.00, 0.00, 0.00, 0.00, 0.00
521,  0,  17.351,  0.98,  1, 0.00, 0.00, 0.00, 0.00, 0.46, 0.00, 0.00, 0.97, 0.34, 1.26, 0.21, 0.80, 0.04, 0.00, 0.41, 0.30, 0.04, 0.00, 0.00, 0.00, 1.00, 0.00, 0.00, 0.00, 1.00, 0.00, 1.00, 0.00, 0.00, 0.00, 0.00, 0.00, 0.00, 0.00, 0.00
522,  0,  17.384,  0.98,  1, 0.01, 0.00, 0.00, 0.00, 0.51, 0.00, 0.00, 0.92, 0.28, 1.21, 0.12, 0.74, 0.04, 0.00, 0.36, 0.14, 0.00, 0.00, 0.00, 0.00, 1.00, 0.00, 0.00, 0.00, 1.00, 0.00, 1.00, 0.00, 0.00, 0.00, 0.00, 0.00, 0.00, 0.00, 0.00
523,  0,  17.417,  0.98,  1, 0.06, 0.00, 0.00, 0.00, 0.55, 0.00, 0.00, 0.89, 0.25, 1.27, 0.09, 0.73, 0.04, 0.00, 0.33, 0.00, 0.00, 0.00, 0.00, 0.00, 1.00, 0.00, 0.00, 0.00, 1.00, 0.00, 1.00, 0.00, 0.00, 0.00, 0.00, 0.00, 0.00, 0.00, 0.00
524,  0,  17.451,  0.98,  1, 0.12, 0.00, 0.00, 0.00, 0.55, 0.00, 0.00, 0.91, 0.21, 1.23, 0.05, 0.76, 0.03, 0.00, 0.33, 0.00, 0.00, 0.00, 0.00, 0.00, 1.00, 0.00, 0.00, 0.00, 1.00, 0.00, 1.00, 0.00, 0.00, 0.00, 0.00, 0.00, 0.00, 0.00, 0.00
525,  0,  17.484,  0.98,  1, 0.11, 0.00, 0.00, 0.04, 0.56, 0.00, 0.00, 0.98, 0.20, 1.34, 0.08, 0.79, 0.02, 0.00, 0.42, 0.10, 0.03, 0.00, 0.00, 0.00, 0.00, 0.00, 0.00, 0.00, 1.00, 0.00, 1.00, 0.00, 0.00, 0.00, 0.00, 0.00, 0.00, 0.00, 0.00
526,  0,  17.518,  0.98,  1, 0.06, 0.00, 0.00, 0.14, 0.58, 0.00, 0.00, 0.99, 0.16, 1.35, 0.05, 0.79, 0.02, 0.00, 0.42, 0.20, 0.06, 0.00, 0.00, 0.00, 0.00, 0.00, 0.00, 0.00, 1.00, 0.00, 1.00, 0.00, 0.00, 0.00, 0.00, 0.00, 0.00, 0.00, 0.00
527,  0,  17.551,  0.98,  1, 0.00, 0.00, 0.00, 0.14, 0.51, 0.00, 0.00, 1.05, 0.17, 1.36, 0.07, 0.74, 0.00, 0.00, 0.40, 0.24, 0.22, 0.00, 0.00, 0.00, 1.00, 0.00, 0.00, 0.00, 1.00, 0.00, 1.00, 0.00, 0.00, 0.00, 0.00, 0.00, 0.00, 0.00, 0.00
528,  0,  17.584,  0.98,  1, 0.00, 0.00, 0.00, 0.10, 0.46, 0.00, 0.00, 1.13, 0.18, 1.24, 0.11, 0.72, 0.00, 0.00, 0.33, 0.16, 0.35, 0.00, 0.00, 0.00, 1.00, 0.00, 0.00, 0.00, 1.00, 0.00, 1.00, 0.00, 0.00, 0.00, 0.00, 0.00, 0.00, 0.00, 1.00
529,  0,  17.618,  0.98,  1, 0.00, 0.00, 0.00, 0.10, 0.40, 0.00, 0.01, 1.17, 0.15, 1.17, 0.18, 0.75, 0.05, 0.00, 0.40, 0.18, 0.44, 0.00, 0.00, 0.00, 1.00, 0.00, 0.00, 0.00, 1.00, 0.00, 1.00, 0.00, 0.00, 0.00, 0.00, 0.00, 0.00, 0.00, 1.00
530,  0,  17.651,  0.98,  1, 0.00, 0.00, 0.00, 0.15, 0.41, 0.00, 0.02, 1.13, 0.09, 1.16, 0.24, 0.86, 0.11, 0.00, 0.55, 0.24, 0.37, 0.00, 0.00, 0.00, 1.00, 0.00, 0.00, 0.00, 1.00, 0.00, 1.00, 0.00, 0.00, 0.00, 0.00, 0.00, 0.00, 0.00, 0.00
531,  0,  17.684,  0.98,  1, 0.00, 0.00, 0.00, 0.25, 0.47, 0.00, 0.10, 1.08, 0.04, 1.30, 0.17, 0.91, 0.11, 0.00, 0.49, 0.28, 0.27, 0.00, 0.00, 0.00, 1.00, 0.00, 0.00, 0.00, 1.00, 0.00, 1.00, 0.00, 0.00, 0.00, 0.00, 0.00, 0.00, 0.00, 0.00
532,  0,  17.718,  0.98,  1, 0.00, 0.00, 0.00, 0.25, 0.54, 0.00, 0.16, 1.09, 0.06, 1.42, 0.10, 0.92, 0.06, 0.00, 0.31, 0.19, 0.15, 0.00, 0.00, 0.00, 1.00, 0.00, 0.00, 0.00, 1.00, 0.00, 1.00, 0.00, 0.00, 0.00, 0.00, 0.00, 0.00, 0.00, 0.00
533,  0,  17.751,  0.98,  1, 0.00, 0.00, 0.00, 0.20, 0.55, 0.00, 0.23, 1.07, 0.13, 1.49, 0.18, 0.83, 0.00, 0.00, 0.20, 0.25, 0.19, 0.00, 0.00, 0.00, 1.00, 0.00, 0.00, 0.00, 1.00, 0.00, 1.00, 0.00, 0.00, 0.00, 0.00, 0.00, 0.00, 0.00, 0.00
534,  0,  17.784,  0.98,  1, 0.00, 0.00, 0.00, 0.10, 0.50, 0.00, 0.23, 1.05, 0.17, 1.40, 0.32, 0.79, 0.00, 0.00, 0.27, 0.33, 0.24, 0.00, 0.00, 0.00, 1.00, 0.00, 0.00, 0.00, 1.00, 0.00, 1.00, 0.00, 0.00, 0.00, 0.00, 0.00, 0.00, 0.00, 0.00
535,  0,  17.818,  0.98,  1, 0.06, 0.00, 0.00, 0.06, 0.46, 0.00, 0.22, 0.95, 0.24, 1.41, 0.39, 0.72, 0.00, 0.00, 0.35, 0.30, 0.38, 0.00, 0.00, 0.00, 1.00, 0.00, 0.00, 0.00, 1.00, 0.00, 1.00, 0.00, 0.00, 0.00, 0.00, 0.00, 0.00, 0.00, 0.00
536,  0,  17.851,  0.98,  1, 0.14, 0.00, 0.00, 0.06, 0.47, 0.00, 0.20, 0.91, 0.26, 1.52, 0.34, 0.72, 0.00, 0.00, 0.35, 0.18, 0.37, 0.00, 0.00, 0.00, 1.00, 0.00, 0.00, 0.00, 1.00, 0.00, 1.00, 0.00, 0.00, 0.00, 0.00, 0.00, 0.00, 0.00, 0.00
537,  0,  17.885,  0.98,  1, 0.23, 0.02, 0.00, 0.13, 0.52, 0.00, 0.23, 0.92, 0.25, 1.51, 0.34, 0.71, 0.00, 0.00, 0.38, 0.08, 0.33, 0.00, 0.00, 0.00, 1.00, 0.00, 0.00, 0.00, 1.00, 0.00, 1.00, 0.00, 0.00, 0.00, 0.00, 0.00, 0.00, 0.00, 0.00
538,  0,  17.918,  0.98,  1, 0.25, 0.05, 0.00, 0.08, 0.55, 0.00, 0.30, 0.94, 0.20, 1.36, 0.36, 0.70, 0.00, 0.00, 0.38, 0.07, 0.21, 0.00, 0.00, 0.00, 1.00, 0.00, 0.00, 0.00, 1.00, 0.00, 1.00, 0.00, 0.00, 0.00, 0.00, 0.00, 0.00, 0.00, 0.00
539,  0,  17.951,  0.98,  1, 0.18, 0.05, 0.00, 0.08, 0.53, 0.00, 0.33, 1.01, 0.18, 1.29, 0.26, 0.70, 0.00, 0.00, 0.35, 0.03, 0.08, 0.00, 0.00, 0.00, 0.00, 0.00, 0.00, 0.00, 1.00, 0.00, 1.00, 0.00, 0.00, 0.00, 0.00, 0.00, 0.00, 0.00, 0.00
540,  0,  17.985,  0.98,  1, 0.11, 0.03, 0.00, 0.01, 0.49, 0.00, 0.31, 0.99, 0.20, 1.37, 0.12, 0.72, 0.00, 0.00, 0.28, 0.00, 0.02, 0.00, 0.00, 0.00, 0.00, 0.00, 0.00, 0.00, 1.00, 0.00, 1.00, 0.00, 0.00, 0.00, 0.00, 0.00, 0.00, 0.00, 0.00
541,  0,  18.018,  0.98,  1, 0.03, 0.00, 0.00, 0.05, 0.46, 0.00, 0.17, 1.13, 0.28, 1.37, 0.03, 0.73, 0.00, 0.00, 0.28, 0.00, 0.06, 0.00, 0.00, 0.00, 0.00, 0.00, 0.00, 0.00, 1.00, 0.00, 1.00, 0.00, 0.00, 0.00, 0.00, 0.00, 0.00, 0.00, 0.00
542,  0,  18.051,  0.98,  1, 0.02, 0.00, 0.00, 0.12, 0.49, 0.00, 0.11, 1.25, 0.28, 1.30, 0.00, 0.73, 0.00, 0.00, 0.26, 0.00, 0.16, 0.00, 0.00, 0.00, 0.00, 0.00, 0.00, 0.00, 1.00, 0.00, 1.00, 0.00, 0.00, 0.00, 0.00, 0.00, 0.00, 0.00, 0.00
543,  0,  18.085,  0.98,  1, 0.00, 0.01, 0.00, 0.22, 0.52, 0.00, 0.04, 1.28, 0.27, 1.26, 0.02, 0.78, 0.00, 0.00, 0.32, 0.01, 0.18, 0.00, 0.00, 0.00, 0.00, 0.00, 0.00, 0.00, 1.00, 0.00, 1.00, 0.00, 0.00, 0.00, 0.00, 0.00, 0.00, 0.00, 0.00
544,  0,  18.118,  0.98,  1, 0.00, 0.01, 0.00, 0.21, 0.51, 0.00, 0.10, 1.22, 0.23, 1.27, 0.02, 0.81, 0.00, 0.00, 0.28, 0.01, 0.13, 0.00, 0.00, 0.00, 0.00, 0.00, 0.00, 0.00, 1.00, 0.00, 1.00, 0.00, 0.00, 0.00, 0.00, 0.00, 0.00, 0.00, 0.00
545,  0,  18.151,  0.98,  1, 0.00, 0.01, 0.00, 0.16, 0.50, 0.00, 0.08, 1.04, 0.18, 1.23, 0.02, 0.92, 0.00, 0.00, 0.23, 0.02, 0.15, 0.00, 0.00, 0.00, 0.00, 0.00, 0.00, 0.00, 1.00, 0.00, 1.00, 0.00, 0.00, 0.00, 0.00, 0.00, 0.00, 0.00, 0.00
546,  0,  18.185,  0.98,  1, 0.00, 0.00, 0.00, 0.08, 0.51, 0.00, 0.07, 0.96, 0.15, 1.19, 0.00, 0.97, 0.00, 0.00, 0.11, 0.01, 0.29, 0.00, 0.00, 0.00, 1.00, 0.00, 0.00, 0.00, 1.00, 0.00, 1.00, 0.00, 0.00, 0.00, 0.00, 0.00, 0.00, 0.00, 0.00
547,  0,  18.218,  0.98,  1, 0.00, 0.03, 0.00, 0.20, 0.53, 0.00, 0.03, 0.91, 0.17, 1.22, 0.00, 1.04, 0.00, 0.00, 0.08, 0.09, 0.28, 0.00, 0.00, 0.00, 1.00, 0.00, 0.00, 0.00, 1.00, 0.00, 1.00, 0.00, 0.00, 0.00, 0.00, 0.00, 0.00, 0.00, 0.00
548,  0,  18.252,  0.98,  1, 0.00, 0.05, 0.00, 0.30, 0.57, 0.00, 0.07, 0.95, 0.21, 1.18, 0.00, 1.06, 0.00, 0.00, 0.15, 0.19, 0.20, 0.00, 0.00, 0.00, 1.00, 0.00, 0.00, 0.00, 1.00, 0.00, 1.00, 0.00, 0.00, 0.00, 0.00, 0.00, 0.00, 0.00, 0.00
549,  0,  18.285,  0.98,  1, 0.05, 0.05, 0.00, 0.34, 0.57, 0.00, 0.07, 1.01, 0.28, 1.21, 0.02, 0.99, 0.05, 0.00, 0.32, 0.19, 0.09, 0.00, 0.00, 0.00, 1.00, 0.00, 0.00, 0.00, 1.00, 0.00, 1.00, 0.00, 0.00, 0.00, 0.00, 0.00, 0.00, 0.00, 0.00
550,  0,  18.318,  0.98,  1, 0.09, 0.02, 0.00, 0.25, 0.56, 0.00, 0.05, 1.04, 0.28, 1.23, 0.02, 0.93, 0.05, 0.00, 0.44, 0.11, 0.14, 0.00, 0.00, 0.00, 1.00, 0.00, 0.00, 0.00, 1.00, 0.00, 1.00, 0.00, 0.00, 0.00, 0.00, 0.00, 0.00, 0.00, 0.00
551,  0,  18.352,  0.98,  1, 0.09, 0.00, 0.00, 0.19, 0.53, 0.00, 0.04, 1.13, 0.26, 1.21, 0.06, 0.85, 0.05, 0.00, 0.40, 0.00, 0.10, 0.00, 0.00, 0.00, 1.00, 0.00, 0.00, 0.00, 1.00, 0.00, 1.00, 0.00, 0.00, 0.00, 0.00, 0.00, 0.00, 0.00, 0.00
552,  0,  18.385,  0.98,  1, 0.04, 0.00, 0.00, 0.22, 0.52, 0.00, 0.06, 1.15, 0.20, 1.14, 0.09, 0.83, 0.00, 0.00, 0.28, 0.00, 0.06, 0.00, 0.00, 0.00, 1.00, 0.00, 0.00, 0.00, 1.00, 0.00, 1.00, 0.00, 0.00, 0.00, 0.00, 0.00, 0.00, 0.00, 0.00
553,  0,  18.418,  0.98,  1, 0.00, 0.00, 0.00, 0.15, 0.55, 0.00, 0.06, 1.11, 0.18, 1.05, 0.12, 0.85, 0.02, 0.00, 0.19, 0.00, 0.10, 0.00, 0.00, 0.00, 1.00, 0.00, 0.00, 0.00, 1.00, 0.00, 1.00, 0.00, 0.00, 0.00, 0.00, 0.00, 0.00, 0.00, 0.00
554,  0,  18.452,  0.98,  1, 0.00, 0.00, 0.00, 0.08, 0.59, 0.00, 0.03, 0.98, 0.17, 1.07, 0.11, 0.84, 0.02, 0.00, 0.21, 0.00, 0.22, 0.00, 0.00, 0.00, 1.00, 0.00, 0.00, 0.00, 1.00, 0.00, 1.00, 0.00, 0.00, 0.00, 0.00, 0.00, 0.00, 0.00, 0.00
555,  0,  18.485,  0.98,  1, 0.00, 0.00, 0.00, 0.00, 0.61, 0.00, 0.11, 0.96, 0.20, 1.08, 0.07, 0.81, 0.02, 0.00, 0.20, 0.01, 0.33, 0.00, 0.00, 0.00, 1.00, 0.00, 0.00, 0.00, 1.00, 0.00, 1.00, 0.00, 0.00, 0.00, 0.00, 0.00, 0.00, 0.00, 0.00
556,  0,  18.519,  0.98,  1, 0.00, 0.00, 0.00, 0.00, 0.60, 0.00, 0.20, 1.00, 0.18, 1.10, 0.04, 0.77, 0.00, 0.00, 0.16, 0.08, 0.36, 0.00, 0.00, 0.00, 1.00, 0.00, 0.00, 0.00, 1.00, 0.00, 1.00, 0.00, 0.00, 0.00, 0.00, 0.00, 0.00, 0.00, 0.00
557,  0,  18.552,  0.98,  1, 0.00, 0.00, 0.00, 0.05, 0.55, 0.00, 0.22, 1.07, 0.13, 1.06, 0.03, 0.74, 0.00, 0.00, 0.14, 0.08, 0.29, 0.00, 0.00, 0.00, 1.00, 0.00, 0.00, 0.00, 1.00, 0.00, 1.00, 0.00, 0.00, 0.00, 0.00, 0.00, 0.00, 0.00, 0.00
558,  0,  18.585,  0.98,  1, 0.03, 0.00, 0.00, 0.05, 0.54, 0.00, 0.16, 1.13, 0.06, 1.01, 0.02, 0.77, 0.00, 0.00, 0.14, 0.07, 0.23, 0.00, 0.00, 0.00, 1.00, 0.00, 0.00, 0.00, 1.00, 0.00, 1.00, 0.00, 0.00, 0.00, 0.00, 0.00, 0.00, 0.00, 0.00
559,  0,  18.619,  0.98,  1, 0.03, 0.00, 0.00, 0.05, 0.50, 0.00, 0.07, 1.19, 0.02, 0.94, 0.03, 0.87, 0.00, 0.00, 0.21, 0.04, 0.09, 0.00, 0.00, 0.00, 1.00, 0.00, 0.00, 0.00, 1.00, 0.00, 1.00, 0.00, 0.00, 0.00, 0.00, 0.00, 0.00, 0.00, 0.00
560,  0,  18.652,  0.98,  1, 0.03, 0.00, 0.00, 0.00, 0.47, 0.00, 0.06, 1.20, 0.02, 0.92, 0.07, 1.00, 0.00, 0.00, 0.27, 0.04, 0.09, 0.00, 0.00, 0.00, 1.00, 0.00, 0.00, 0.00, 1.00, 0.00, 1.00, 0.00, 0.00, 0.00, 0.00, 0.00, 0.00, 0.00, 0.00
561,  0,  18.685,  0.98,  1, 0.12, 0.05, 0.00, 0.00, 0.46, 0.00, 0.07, 1.18, 0.02, 0.79, 0.14, 0.90, 0.00, 0.00, 0.37, 0.08, 0.22, 0.00, 0.00, 0.00, 1.00, 0.00, 0.00, 0.00, 1.00, 0.00, 1.00, 0.00, 0.00, 0.00, 0.00, 0.00, 0.00, 0.00, 0.00
562,  0,  18.719,  0.98,  1, 0.24, 0.05, 0.00, 0.00, 0.46, 0.00, 0.15, 1.14, 0.00, 0.72, 0.19, 0.65, 0.00, 0.00, 0.41, 0.04, 0.42, 0.00, 0.00, 0.00, 1.00, 0.00, 0.00, 0.00, 1.00, 0.00, 0.00, 0.00, 0.00, 0.00, 0.00, 0.00, 0.00, 0.00, 1.00
563,  0,  18.752,  0.98,  1, 0.29, 0.05, 0.00, 0.00, 0.39, 0.00, 0.22, 1.29, 0.05, 0.53, 0.14, 0.38, 0.00, 0.00, 0.63, 0.04, 0.96, 0.00, 0.00, 0.00, 0.00, 0.00, 0.00, 0.00, 1.00, 0.00, 0.00, 0.00, 0.00, 0.00, 0.00, 0.00, 0.00, 0.00, 1.00
564,  0,  18.785,  0.98,  1, 0.25, 0.00, 0.00, 0.00, 0.31, 0.00, 0.23, 1.42, 0.11, 0.43, 0.07, 0.36, 0.00, 0.00, 0.81, 0.00, 1.35, 0.00, 0.00, 0.00, 1.00, 0.00, 0.00, 0.00, 1.00, 0.00, 0.00, 0.00, 0.00, 0.00, 0.00, 1.00, 1.00, 0.00, 1.00
565,  0,  18.819,  0.98,  1, 0.19, 0.00, 0.00, 0.06, 0.29, 0.00, 0.22, 1.61, 0.24, 0.21, 0.15, 0.29, 0.00, 0.00, 1.31, 0.17, 1.91, 0.00, 0.00, 0.00, 0.00, 0.00, 0.00, 0.00, 1.00, 0.00, 0.00, 0.00, 0.00, 0.00, 0.00, 1.00, 1.00, 0.00, 1.00
566,  0,  18.852,  0.98,  1, 0.17, 0.00, 0.00, 0.13, 0.36, 0.00, 0.21, 1.61, 0.31, 0.17, 0.33, 0.24, 0.00, 0.00, 1.65, 0.32, 2.00, 0.00, 0.00, 0.00, 0.00, 0.00, 0.00, 0.00, 1.00, 0.00, 0.00, 0.00, 0.00, 0.00, 0.00, 1.00, 1.00, 0.00, 1.00
567,  0,  18.886,  0.98,  1, 0.08, 0.00, 0.00, 0.13, 0.37, 0.00, 0.20, 1.58, 0.38, 0.21, 0.50, 0.27, 0.00, 0.00, 1.99, 0.41, 2.24, 0.00, 0.00, 0.00, 0.00, 0.00, 0.00, 0.00, 1.00, 0.00, 0.00, 0.00, 0.00, 0.00, 0.00, 1.00, 1.00, 0.00, 1.00
568,  0,  18.919,  0.98,  1, 0.04, 0.02, 0.00, 0.08, 0.32, 0.00, 0.20, 1.51, 0.39, 0.33, 0.56, 0.39, 0.00, 0.00, 1.98, 0.33, 2.33, 0.00, 0.00, 0.00, 0.00, 0.00, 0.00, 0.00, 1.00, 0.00, 0.00, 0.00, 0.00, 0.00, 0.00, 1.00, 1.00, 0.00, 1.00
569,  0,  18.952,  0.98,  1, 0.11, 0.10, 0.00, 0.00, 0.30, 0.00, 0.26, 1.36, 0.27, 0.36, 0.55, 0.45, 0.00, 0.00, 1.97, 0.21, 2.29, 0.00, 0.00, 0.00, 0.00, 0.00, 0.00, 0.00, 1.00, 0.00, 0.00, 0.00, 0.00, 0.00, 0.00, 1.00, 1.00, 0.00, 1.00
570,  0,  18.986,  0.98,  1, 0.20, 0.16, 0.00, 0.00, 0.30, 0.00, 0.39, 1.26, 0.14, 0.31, 0.50, 0.44, 0.00, 0.00, 1.95, 0.12, 2.06, 0.00, 0.00, 0.00, 0.00, 0.00, 0.00, 0.00, 1.00, 0.00, 0.00, 0.00, 0.00, 0.00, 0.00, 1.00, 1.00, 0.00, 1.00
571,  0,  19.019,  0.98,  1, 0.19, 0.14, 0.00, 0.00, 0.30, 0.00, 0.35, 1.20, 0.00, 0.32, 0.43, 0.38, 0.00, 0.00, 1.70, 0.09, 1.48, 0.00, 0.00, 0.00, 0.00, 0.00, 0.00, 0.00, 1.00, 0.00, 0.00, 0.00, 0.00, 0.00, 0.00, 1.00, 1.00, 0.00, 1.00
572,  0,  19.052,  0.98,  1, 0.10, 0.06, 0.00, 0.00, 0.26, 0.00, 0.22, 1.23, 0.00, 0.32, 0.38, 0.33, 0.00, 0.00, 1.40, 0.09, 1.14, 0.00, 0.00, 0.00, 0.00, 0.00, 0.00, 0.00, 1.00, 0.00, 0.00, 0.00, 0.00, 0.00, 0.00, 1.00, 1.00, 0.00, 1.00
573,  0,  19.086,  0.98,  1, 0.00, 0.00, 0.00, 0.00, 0.16, 0.00, 0.03, 1.23, 0.00, 0.42, 0.44, 0.34, 0.00, 0.00, 0.93, 0.19, 0.60, 0.00, 0.00, 0.00, 1.00, 0.00, 0.00, 0.00, 1.00, 0.00, 0.00, 0.00, 0.00, 0.00, 0.00, 1.00, 1.00, 0.00, 1.00
574,  0,  19.119,  0.98,  1, 0.00, 0.00, 0.00, 0.00, 0.08, 0.00, 0.00, 1.18, 0.00, 0.45, 0.49, 0.37, 0.00, 0.00, 0.72, 0.18, 0.34, 0.00, 0.00, 0.00, 1.00, 0.00, 0.00, 0.00, 1.00, 0.00, 0.00, 0.00, 0.00, 0.00, 0.00, 1.00, 1.00, 0.00, 1.00
575,  0,  19.152,  0.98,  1, 0.00, 0.00, 0.00, 0.00, 0.04, 0.00, 0.00, 1.01, 0.00, 0.48, 0.42, 0.46, 0.00, 0.00, 0.59, 0.30, 0.06, 0.00, 0.00, 0.00, 1.00, 0.00, 0.00, 0.00, 1.00, 0.00, 0.00, 0.00, 0.00, 0.00, 0.00, 1.00, 1.00, 0.00, 0.00
576,  0,  19.186,  0.98,  1, 0.00, 0.00, 0.00, 0.00, 0.06, 0.00, 0.00, 0.89, 0.00, 0.43, 0.32, 0.44, 0.00, 0.00, 0.65, 0.35, 0.02, 0.00, 0.00, 0.00, 1.00, 0.00, 0.00, 0.00, 1.00, 0.00, 0.00, 0.00, 0.00, 0.00, 0.00, 1.00, 1.00, 0.00, 0.00
577,  0,  19.219,  0.98,  1, 0.00, 0.00, 0.00, 0.00, 0.11, 0.00, 0.00, 0.92, 0.04, 0.30, 0.17, 0.41, 0.02, 0.00, 1.09, 0.51, 0.00, 0.00, 0.00, 0.00, 1.00, 0.00, 0.00, 0.00, 1.00, 0.00, 0.00, 0.00, 0.00, 0.00, 0.00, 1.00, 1.00, 0.00, 0.00
578,  0,  19.253,  0.98,  1, 0.00, 0.00, 0.00, 0.00, 0.13, 0.00, 0.00, 1.02, 0.06, 0.21, 0.18, 0.38, 0.10, 0.00, 1.45, 0.58, 0.00, 0.00, 0.00, 0.00, 1.00, 0.00, 0.00, 0.00, 1.00, 0.00, 0.00, 0.00, 0.00, 0.00, 0.00, 1.00, 1.00, 0.00, 0.00
579,  0,  19.286,  0.98,  1, 0.00, 0.00, 0.00, 0.00, 0.22, 0.00, 0.00, 1.12, 0.14, 0.27, 0.12, 0.35, 0.10, 0.00, 1.79, 0.58, 0.00, 0.00, 0.00, 0.00, 1.00, 0.00, 0.00, 0.00, 1.00, 0.00, 0.00, 0.00, 0.00, 0.00, 0.00, 1.00, 1.00, 0.00, 0.00
580,  0,  19.319,  0.98,  1, 0.00, 0.00, 0.00, 0.00, 0.28, 0.00, 0.00, 1.12, 0.17, 0.44, 0.08, 0.35, 0.07, 0.00, 1.79, 0.55, 0.00, 0.00, 0.00, 0.00, 1.00, 0.00, 0.00, 0.00, 1.00, 0.00, 0.00, 0.00, 0.00, 0.00, 0.00, 1.00, 1.00, 0.00, 0.00
581,  0,  19.353,  0.98,  1, 0.00, 0.00, 0.00, 0.00, 0.32, 0.00, 0.00, 1.10, 0.23, 0.53, 0.13, 0.29, 0.06, 0.00, 1.68, 0.45, 0.00, 0.00, 0.00, 0.00, 1.00, 0.00, 0.00, 0.00, 1.00, 0.00, 0.00, 0.00, 0.00, 0.00, 0.00, 1.00, 1.00, 0.00, 0.00
582,  0,  19.386,  0.98,  1, 0.00, 0.00, 0.00, 0.00, 0.32, 0.00, 0.00, 1.07, 0.22, 0.44, 0.22, 0.24, 0.11, 0.00, 1.58, 0.44, 0.00, 0.00, 0.00, 0.00, 1.00, 0.00, 0.00, 0.00, 1.00, 0.00, 0.00, 0.00, 0.00, 0.00, 0.00, 1.00, 1.00, 0.00, 0.00
583,  0,  19.419,  0.98,  1, 0.00, 0.00, 0.00, 0.00, 0.35, 0.00, 0.00, 1.09, 0.23, 0.41, 0.22, 0.27, 0.18, 0.00, 1.53, 0.38, 0.00, 0.00, 0.00, 0.00, 1.00, 0.00, 0.00, 0.00, 1.00, 0.00, 0.00, 0.00, 0.00, 0.00, 0.00, 1.00, 1.00, 0.00, 0.00
584,  0,  19.453,  0.98,  1, 0.00, 0.00, 0.00, 0.00, 0.41, 0.00, 0.01, 1.16, 0.23, 0.48, 0.11, 0.30, 0.19, 0.00, 1.62, 0.40, 0.00, 0.00, 0.00, 0.00, 1.00, 0.00, 0.00, 0.00, 1.00, 0.00, 0.00, 0.00, 0.00, 0.00, 0.00, 1.00, 1.00, 0.00, 0.00
585,  0,  19.486,  0.98,  1, 0.00, 0.00, 0.00, 0.00, 0.43, 0.00, 0.02, 1.19, 0.18, 0.48, 0.06, 0.31, 0.14, 0.00, 1.77, 0.38, 0.00, 0.00, 0.00, 0.00, 1.00, 0.00, 0.00, 0.00, 1.00, 0.00, 0.00, 0.00, 0.00, 0.00, 0.00, 1.00, 1.00, 0.00, 0.00
586,  0,  19.520,  0.98,  1, 0.00, 0.00, 0.00, 0.00, 0.40, 0.00, 0.02, 1.15, 0.13, 0.42, 0.14, 0.21, 0.08, 0.00, 1.83, 0.36, 0.00, 0.00, 0.00, 0.00, 1.00, 0.00, 0.00, 0.00, 1.00, 0.00, 0.00, 0.00, 0.00, 0.00, 0.00, 1.00, 1.00, 0.00, 0.00
587,  0,  19.553,  0.98,  1, 0.00, 0.00, 0.00, 0.00, 0.36, 0.00, 0.02, 1.11, 0.12, 0.35, 0.21, 0.13, 0.09, 0.00, 1.66, 0.34, 0.00, 0.00, 0.00, 0.00, 1.00, 0.00, 0.00, 0.00, 1.00, 0.00, 0.00, 0.00, 0.00, 0.00, 0.00, 1.00, 1.00, 0.00, 0.00
588,  0,  19.586,  0.98,  1, 0.00, 0.00, 0.00, 0.00, 0.33, 0.00, 0.03, 1.09, 0.15, 0.38, 0.26, 0.13, 0.21, 0.00, 1.44, 0.35, 0.00, 0.00, 0.00, 0.00, 1.00, 0.00, 0.00, 0.00, 1.00, 0.00, 0.00, 0.00, 0.00, 0.00, 0.00, 1.00, 1.00, 0.00, 0.00
589,  0,  19.620,  0.98,  1, 0.09, 0.00, 0.00, 0.00, 0.32, 0.00, 0.06, 1.13, 0.17, 0.31, 0.19, 0.08, 0.21, 0.00, 1.35, 0.51, 0.00, 0.00, 0.00, 0.00, 1.00, 0.00, 0.00, 0.00, 1.00, 0.00, 0.00, 0.00, 0.00, 0.00, 0.00, 1.00, 1.00, 0.00, 0.00
590,  0,  19.653,  0.98,  1, 0.16, 0.00, 0.00, 0.00, 0.33, 0.00, 0.07, 1.19, 0.16, 0.28, 0.12, 0.06, 0.12, 0.00, 1.49, 0.62, 0.00, 0.00, 0.00, 0.00, 1.00, 0.00, 0.00, 0.00, 1.00, 0.00, 0.00, 0.00, 0.00, 0.00, 0.00, 1.00, 1.00, 0.00, 0.00
591,  0,  19.686,  0.98,  1, 0.21, 0.00, 0.00, 0.00, 0.34, 0.00, 0.06, 1.20, 0.16, 0.42, 0.01, 0.08, 0.00, 0.00, 1.46, 0.55, 0.00, 0.00, 0.00, 0.00, 1.00, 0.00, 0.00, 0.00, 1.00, 0.00, 0.00, 0.00, 0.00, 0.00, 0.00, 1.00, 1.00, 0.00, 0.00
592,  0,  19.720,  0.98,  1, 0.18, 0.00, 0.00, 0.00, 0.32, 0.00, 0.03, 1.13, 0.18, 0.66, 0.01, 0.22, 0.00, 0.00, 1.33, 0.44, 0.00, 0.00, 0.00, 0.00, 1.00, 0.00, 0.00, 0.00, 1.00, 0.00, 1.00, 0.00, 0.00, 0.00, 0.00, 1.00, 1.00, 0.00, 0.00
593,  0,  19.753,  0.98,  1, 0.11, 0.00, 0.00, 0.00, 0.30, 0.00, 0.05, 1.02, 0.18, 0.83, 0.01, 0.26, 0.02, 0.00, 1.08, 0.28, 0.00, 0.00, 0.00, 0.00, 1.00, 0.00, 0.00, 0.00, 1.00, 0.00, 1.00, 0.00, 0.00, 0.00, 0.00, 1.00, 1.00, 0.00, 0.00
594,  0,  19.786,  0.98,  1, 0.06, 0.00, 0.00, 0.00, 0.28, 0.00, 0.10, 1.01, 0.17, 0.87, 0.00, 0.24, 0.06, 0.00, 1.01, 0.26, 0.00, 0.00, 0.00, 0.00, 1.00, 0.00, 0.00, 0.00, 1.00, 0.00, 1.00, 0.00, 0.00, 0.00, 0.00, 1.00, 1.00, 0.00, 0.00
595,  0,  19.820,  0.98,  1, 0.00, 0.00, 0.00, 0.00, 0.35, 0.00, 0.10, 1.09, 0.16, 0.75, 0.08, 0.14, 0.07, 0.00, 0.95, 0.25, 0.00, 0.00, 0.00, 0.00, 1.00, 0.00, 0.00, 0.00, 1.00, 0.00, 1.00, 0.00, 0.00, 0.00, 0.00, 1.00, 1.00, 0.00, 0.00
596,  0,  19.853,  0.93,  1, 0.00, 0.00, 0.00, 0.00, 0.39, 0.00, 0.05, 1.20, 0.17, 0.73, 0.14, 0.19, 0.05, 0.00, 0.98, 0.27, 0.00, 0.00, 0.00, 0.00, 1.00, 0.00, 0.00, 0.00, 1.00, 0.00, 1.00, 0.00, 0.00, 0.00, 0.00, 1.00, 1.00, 0.00, 0.00
597,  0,  19.887,  0.93,  1, 0.00, 0.00, 0.00, 0.00, 0.39, 0.00, 0.00, 1.23, 0.25, 0.61, 0.17, 0.13, 0.09, 0.00, 1.06, 0.30, 0.00, 0.00, 0.00, 0.00, 1.00, 0.00, 0.00, 0.00, 1.00, 0.00, 1.00, 0.00, 0.00, 0.00, 0.00, 1.00, 1.00, 0.00, 0.00
598,  0,  19.920,  0.98,  1, 0.00, 0.00, 0.00, 0.00, 0.30, 0.00, 0.00, 1.19, 0.30, 0.65, 0.11, 0.12, 0.14, 0.00, 1.11, 0.18, 0.00, 0.00, 0.00, 0.00, 1.00, 0.00, 0.00, 0.00, 1.00, 0.00, 1.00, 0.00, 0.00, 0.00, 0.00, 1.00, 1.00, 0.00, 0.00
599,  0,  19.953,  0.98,  1, 0.00, 0.00, 0.00, 0.00, 0.27, 0.00, 0.00, 1.15, 0.31, 0.57, 0.05, 0.08, 0.21, 0.00, 1.28, 0.10, 0.00, 0.00, 0.00, 0.00, 1.00, 0.00, 0.00, 0.00, 1.00, 0.00, 1.00, 0.00, 0.00, 0.00, 0.00, 1.00, 1.00, 0.00, 0.00
600,  0,  19.987,  0.98,  1, 0.00, 0.00, 0.00, 0.00, 0.31, 0.00, 0.03, 1.19, 0.26, 0.53, 0.09, 0.13, 0.16, 0.00, 1.35, 0.01, 0.00, 0.00, 0.00, 0.00, 1.00, 0.00, 0.00, 0.00, 1.00, 0.00, 1.00, 0.00, 0.00, 0.00, 0.00, 1.00, 1.00, 0.00, 0.00
601,  0,  20.020,  0.98,  1, 0.00, 0.00, 0.00, 0.00, 0.29, 0.00, 0.07, 1.17, 0.25, 0.41, 0.19, 0.10, 0.10, 0.00, 1.58, 0.21, 0.00, 0.00, 0.00, 0.00, 1.00, 0.00, 0.00, 0.00, 1.00, 0.00, 0.00, 0.00, 0.00, 0.00, 0.00, 1.00, 1.00, 0.00, 0.00
602,  0,  20.053,  0.98,  1, 0.00, 0.00, 0.00, 0.00, 0.25, 0.00, 0.09, 1.17, 0.29, 0.38, 0.32, 0.05, 0.03, 0.00, 1.77, 0.41, 0.00, 0.00, 0.00, 0.00, 1.00, 0.00, 0.00, 0.00, 1.00, 0.00, 0.00, 0.00, 0.00, 0.00, 0.00, 1.00, 1.00, 0.00, 0.00
603,  0,  20.087,  0.98,  1, 0.00, 0.00, 0.00, 0.00, 0.18, 0.00, 0.06, 1.14, 0.22, 0.31, 0.45, 0.11, 0.01, 0.00, 1.92, 0.56, 0.00, 0.00, 0.00, 0.00, 1.00, 0.00, 0.00, 0.00, 1.00, 0.00, 0.00, 0.00, 0.00, 0.00, 0.00, 1.00, 1.00, 0.00, 0.00
604,  0,  20.120,  0.98,  1, 0.00, 0.00, 0.00, 0.00, 0.18, 0.00, 0.01, 1.16, 0.13, 0.28, 0.48, 0.20, 0.02, 0.00, 1.90, 0.49, 0.00, 0.00, 0.00, 0.00, 1.00, 0.00, 0.00, 0.00, 1.00, 0.00, 0.00, 0.00, 0.00, 0.00, 0.00, 1.00, 1.00, 0.00, 0.00
605,  0,  20.153,  0.98,  1, 0.00, 0.00, 0.00, 0.00, 0.15, 0.00, 0.00, 1.20, 0.05, 0.29, 0.39, 0.32, 0.02, 0.00, 1.73, 0.40, 0.00, 0.00, 0.00, 0.00, 1.00, 0.00, 0.00, 0.00, 1.00, 0.00, 0.00, 0.00, 0.00, 0.00, 0.00, 1.00, 1.00, 0.00, 0.00
606,  0,  20.187,  0.98,  1, 0.00, 0.00, 0.00, 0.00, 0.14, 0.00, 0.00, 1.25, 0.08, 0.38, 0.25, 0.31, 0.01, 0.00, 1.63, 0.35, 0.00, 0.00, 0.00, 0.00, 1.00, 0.00, 0.00, 0.00, 1.00, 0.00, 0.00, 0.00, 0.00, 0.00, 0.00, 1.00, 1.00, 0.00, 0.00
607,  0,  20.220,  0.98,  1, 0.00, 0.00, 0.00, 0.00, 0.10, 0.00, 0.02, 1.31, 0.09, 0.50, 0.24, 0.35, 0.00, 0.00, 1.63, 0.37, 0.00, 0.00, 0.00, 0.00, 1.00, 0.00, 0.00, 0.00, 1.00, 0.00, 0.00, 0.00, 0.00, 0.00, 0.00, 1.00, 1.00, 0.00, 0.00
608,  0,  20.254,  0.98,  1, 0.00, 0.00, 0.00, 0.00, 0.08, 0.00, 0.03, 1.34, 0.09, 0.54, 0.31, 0.37, 0.00, 0.00, 1.71, 0.41, 0.00, 0.00, 0.00, 0.00, 1.00, 0.00, 0.00, 0.00, 1.00, 0.00, 0.00, 0.00, 0.00, 0.00, 0.00, 1.00, 1.00, 0.00, 0.00
609,  0,  20.287,  0.98,  1, 0.00, 0.00, 0.00, 0.00, 0.09, 0.00, 0.03, 1.18, 0.06, 0.47, 0.46, 0.38, 0.02, 0.00, 1.51, 0.47, 0.00, 0.00, 0.00, 0.00, 1.00, 0.00, 0.00, 0.00, 1.00, 0.00, 0.00, 0.00, 0.00, 0.00, 0.00, 1.00, 1.00, 0.00, 0.00
610,  0,  20.320,  0.98,  1, 0.00, 0.00, 0.00, 0.00, 0.12, 0.00, 0.01, 1.05, 0.03, 0.39, 0.51, 0.38, 0.03, 0.00, 1.25, 0.38, 0.00, 0.00, 0.00, 0.00, 1.00, 0.00, 0.00, 0.00, 1.00, 0.00, 0.00, 0.00, 0.00, 0.00, 0.00, 1.00, 1.00, 0.00, 0.00
611,  0,  20.354,  0.98,  1, 0.00, 0.00, 0.00, 0.00, 0.13, 0.00, 0.00, 0.92, 0.00, 0.57, 0.48, 0.51, 0.03, 0.00, 0.74, 0.36, 0.00, 0.00, 0.00, 0.00, 1.00, 0.00, 0.00, 0.00, 1.00, 0.00, 0.00, 0.00, 0.00, 0.00, 0.00, 1.00, 1.00, 0.00, 0.00
612,  0,  20.387,  0.98,  1, 0.00, 0.00, 0.00, 0.00, 0.15, 0.00, 0.00, 0.94, 0.00, 0.81, 0.33, 0.63, 0.01, 0.00, 0.46, 0.33, 0.00, 0.00, 0.00, 0.00, 1.00, 0.00, 0.00, 0.00, 1.00, 0.00, 1.00, 0.00, 0.00, 0.00, 0.00, 0.00, 0.00, 0.00, 0.00
613,  0,  20.420,  0.98,  1, 0.00, 0.00, 0.00, 0.05, 0.20, 0.00, 0.00, 1.02, 0.01, 1.07, 0.35, 0.89, 0.00, 0.11, 0.18, 0.41, 0.00, 0.00, 0.00, 0.00, 1.00, 0.00, 0.00, 0.00, 1.00, 0.00, 1.00, 1.00, 0.00, 0.00, 0.00, 0.00, 0.00, 0.00, 0.00
614,  0,  20.454,  0.98,  1, 0.00, 0.00, 0.00, 0.05, 0.25, 0.00, 0.00, 1.03, 0.01, 1.02, 0.49, 1.02, 0.00, 0.23, 0.15, 0.41, 0.00, 0.00, 0.00, 0.00, 1.00, 0.00, 0.00, 0.00, 1.00, 0.00, 1.00, 1.00, 1.00, 0.00, 0.00, 0.00, 0.00, 0.00, 0.00
615,  0,  20.487,  0.98,  1, 0.00, 0.00, 0.00, 0.07, 0.25, 0.00, 0.00, 1.12, 0.01, 1.10, 0.63, 1.24, 0.00, 0.28, 0.14, 0.36, 0.00, 0.00, 0.00, 0.00, 1.00, 0.00, 0.00, 0.00, 1.00, 0.00, 1.00, 1.00, 1.00, 0.00, 0.00, 0.00, 0.00, 0.00, 0.00
616,  0,  20.521,  0.98,  1, 0.00, 0.00, 0.00, 0.02, 0.23, 0.00, 0.00, 1.16, 0.02, 1.19, 0.65, 1.28, 0.02, 0.21, 0.15, 0.29, 0.00, 0.00, 0.00, 0.00, 1.00, 0.00, 0.00, 0.00, 1.00, 0.00, 1.00, 1.00, 1.00, 0.00, 0.00, 0.00, 0.00, 0.00, 0.00
617,  0,  20.554,  0.98,  1, 0.00, 0.00, 0.00, 0.07, 0.26, 0.00, 0.04, 1.17, 0.03, 1.23, 0.61, 1.33, 0.02, 0.14, 0.17, 0.19, 0.00, 0.00, 0.00, 0.00, 1.00, 0.00, 0.00, 0.00, 1.00, 0.00, 1.00, 1.00, 1.00, 0.00, 0.00, 0.00, 0.00, 0.00, 0.00
618,  0,  20.587,  0.98,  1, 0.00, 0.00, 0.00, 0.10, 0.27, 0.00, 0.08, 1.11, 0.06, 1.19, 0.69, 1.35, 0.02, 0.14, 0.13, 0.15, 0.00, 0.00, 0.00, 0.00, 1.00, 0.00, 0.00, 0.00, 1.00, 0.00, 1.00, 1.00, 1.00, 0.00, 0.00, 0.00, 0.00, 0.00, 0.00
619,  0,  20.621,  0.98,  1, 0.00, 0.00, 0.00, 0.10, 0.30, 0.00, 0.08, 1.18, 0.08, 0.97, 0.71, 1.27, 0.11, 0.21, 0.17, 0.14, 0.00, 0.00, 0.00, 0.00, 1.00, 0.00, 0.00, 0.00, 1.00, 0.00, 1.00, 1.00, 1.00, 0.00, 0.00, 0.00, 0.00, 0.00, 0.00
620,  0,  20.654,  0.98,  1, 0.00, 0.00, 0.00, 0.13, 0.30, 0.00, 0.06, 1.30, 0.10, 0.85, 0.70, 1.25, 0.24, 0.30, 0.22, 0.20, 0.00, 0.00, 0.00, 0.00, 1.00, 0.00, 0.00, 0.00, 1.00, 0.00, 1.00, 1.00, 0.00, 0.00, 0.00, 0.00, 0.00, 0.00, 0.00
621,  0,  20.687,  0.98,  1, 0.00, 0.00, 0.00, 0.15, 0.34, 0.00, 0.02, 1.37, 0.07, 0.76, 0.57, 1.12, 0.24, 0.25, 0.40, 0.25, 0.00, 0.00, 0.00, 0.00, 1.00, 0.00, 0.00, 0.00, 1.00, 0.00, 1.00, 1.00, 0.00, 0.00, 0.00, 0.00, 0.00, 0.00, 0.00
622,  0,  20.721,  0.98,  1, 0.00, 0.00, 0.00, 0.27, 0.37, 0.00, 0.02, 1.28, 0.04, 0.85, 0.45, 1.08, 0.13, 0.13, 0.48, 0.31, 0.00, 0.00, 0.00, 0.00, 1.00, 0.00, 0.00, 0.00, 1.00, 0.00, 1.00, 1.00, 0.00, 0.00, 0.00, 0.00, 0.00, 0.00, 0.00
623,  0,  20.754,  0.98,  1, 0.00, 0.00, 0.00, 0.21, 0.46, 0.00, 0.11, 1.16, 0.01, 1.00, 0.31, 1.00, 0.00, 0.01, 0.50, 0.22, 0.00, 0.00, 0.00, 0.00, 1.00, 0.00, 0.00, 0.00, 1.00, 0.00, 1.00, 1.00, 0.00, 0.00, 0.00, 0.00, 0.00, 0.00, 0.00
624,  0,  20.787,  0.98,  1, 0.00, 0.00, 0.00, 0.12, 0.51, 0.00, 0.19, 1.11, 0.01, 1.09, 0.25, 0.96, 0.00, 0.03, 0.44, 0.14, 0.00, 0.00, 0.00, 0.00, 1.00, 0.00, 0.00, 0.00, 1.00, 0.00, 1.00, 1.00, 0.00, 0.00, 0.00, 0.00, 0.00, 0.00, 0.00
625,  0,  20.821,  0.98,  1, 0.00, 0.00, 0.00, 0.00, 0.47, 0.00, 0.19, 1.02, 0.03, 1.08, 0.28, 0.88, 0.00, 0.03, 0.44, 0.02, 0.00, 0.00, 0.00, 0.00, 1.00, 0.00, 0.00, 0.00, 1.00, 0.00, 1.00, 1.00, 0.00, 0.00, 0.00, 0.00, 0.00, 0.00, 0.00
626,  0,  20.854,  0.98,  1, 0.00, 0.00, 0.00, 0.03, 0.35, 0.00, 0.08, 1.02, 0.06, 1.03, 0.39, 0.76, 0.00, 0.02, 0.57, 0.02, 0.00, 0.00, 0.00, 0.00, 1.00, 0.00, 0.00, 0.00, 1.00, 0.00, 1.00, 1.00, 0.00, 0.00, 0.00, 0.00, 0.00, 0.00, 0.00
627,  0,  20.888,  0.98,  1, 0.00, 0.00, 0.00, 0.04, 0.34, 0.00, 0.00, 1.06, 0.10, 0.95, 0.41, 0.66, 0.00, 0.00, 0.56, 0.05, 0.00, 0.00, 0.00, 0.00, 1.00, 0.00, 0.00, 0.00, 1.00, 0.00, 1.00, 1.00, 0.00, 0.00, 0.00, 0.00, 0.00, 0.00, 0.00
628,  0,  20.921,  0.98,  1, 0.00, 0.00, 0.00, 0.04, 0.39, 0.00, 0.02, 1.13, 0.13, 0.98, 0.37, 0.67, 0.00, 0.00, 0.44, 0.05, 0.00, 0.00, 0.00, 0.00, 1.00, 0.00, 0.00, 0.00, 1.00, 0.00, 1.00, 1.00, 0.00, 0.00, 0.00, 0.00, 0.00, 0.00, 0.00
629,  0,  20.954,  0.98,  1, 0.00, 0.00, 0.00, 0.01, 0.36, 0.00, 0.06, 1.15, 0.14, 0.99, 0.32, 0.71, 0.00, 0.00, 0.29, 0.04, 0.00, 0.00, 0.00, 0.00, 1.00, 0.00, 0.00, 0.00, 1.00, 0.00, 1.00, 1.00, 0.00, 0.00, 0.00, 0.00, 0.00, 0.00, 0.00
630,  0,  20.988,  0.98,  1, 0.00, 0.00, 0.00, 0.00, 0.28, 0.00, 0.16, 1.14, 0.10, 1.03, 0.31, 0.73, 0.00, 0.00, 0.18, 0.00, 0.00, 0.00, 0.00, 0.00, 1.00, 0.00, 0.00, 0.00, 1.00, 0.00, 1.00, 0.00, 0.00, 0.00, 0.00, 0.00, 0.00, 0.00, 0.00
631,  0,  21.021,  0.98,  1, 0.00, 0.00, 0.00, 0.00, 0.24, 0.00, 0.18, 1.09, 0.07, 0.99, 0.20, 0.71, 0.00, 0.00, 0.17, 0.00, 0.00, 0.00, 0.00, 0.00, 1.00, 0.00, 0.00, 0.00, 1.00, 0.00, 1.00, 0.00, 0.00, 0.00, 0.00, 0.00, 0.00, 0.00, 0.00
632,  0,  21.054,  0.98,  1, 0.00, 0.00, 0.00, 0.00, 0.28, 0.00, 0.15, 1.07, 0.07, 1.00, 0.14, 0.72, 0.00, 0.00, 0.14, 0.00, 0.00, 0.00, 0.00, 0.00, 1.00, 0.00, 0.00, 0.00, 1.00, 0.00, 1.00, 0.00, 0.00, 0.00, 0.00, 0.00, 0.00, 0.00, 0.00
633,  0,  21.088,  0.98,  1, 0.00, 0.02, 0.00, 0.00, 0.28, 0.00, 0.17, 1.02, 0.07, 1.05, 0.07, 0.72, 0.00, 0.00, 0.15, 0.00, 0.00, 0.00, 0.00, 0.00, 1.00, 0.00, 0.00, 0.00, 1.00, 0.00, 1.00, 0.00, 0.00, 0.00, 0.00, 0.00, 0.00, 0.00, 0.00
634,  0,  21.121,  0.98,  1, 0.00, 0.03, 0.00, 0.00, 0.26, 0.00, 0.24, 1.01, 0.04, 1.16, 0.09, 0.74, 0.00, 0.00, 0.09, 0.00, 0.00, 0.00, 0.00, 0.00, 1.00, 0.00, 0.00, 0.00, 1.00, 0.00, 1.00, 0.00, 0.00, 0.00, 0.00, 0.00, 0.00, 0.00, 0.00
635,  0,  21.154,  0.98,  1, 0.00, 0.03, 0.00, 0.00, 0.25, 0.00, 0.30, 0.91, 0.05, 1.18, 0.08, 0.75, 0.00, 0.00, 0.09, 0.03, 0.00, 0.00, 0.00, 0.00, 1.00, 0.00, 0.00, 0.00, 1.00, 0.00, 1.00, 0.00, 0.00, 0.00, 0.00, 0.00, 0.00, 0.00, 0.00
636,  0,  21.188,  0.98,  1, 0.00, 0.01, 0.00, 0.00, 0.24, 0.00, 0.26, 0.82, 0.09, 1.13, 0.09, 0.79, 0.00, 0.00, 0.17, 0.08, 0.00, 0.00, 0.00, 0.00, 0.00, 0.00, 0.00, 0.00, 1.00, 0.00, 1.00, 0.00, 0.00, 0.00, 0.00, 0.00, 0.00, 0.00, 0.00
637,  0,  21.221,  0.98,  1, 0.00, 0.00, 0.00, 0.00, 0.28, 0.00, 0.15, 0.74, 0.18, 1.07, 0.20, 0.71, 0.01, 0.00, 0.24, 0.15, 0.00, 0.00, 0.00, 0.00, 0.00, 0.00, 0.00, 0.00, 1.00, 0.00, 1.00, 0.00, 0.00, 0.00, 0.00, 0.00, 0.00, 0.00, 0.00
638,  0,  21.255,  0.98,  1, 0.00, 0.00, 0.00, 0.00, 0.31, 0.00, 0.10, 0.74, 0.21, 1.07, 0.30, 0.61, 0.04, 0.00, 0.19, 0.22, 0.00, 0.00, 0.00, 0.00, 0.00, 0.00, 0.00, 0.00, 1.00, 0.00, 1.00, 0.00, 0.00, 0.00, 0.00, 0.00, 0.00, 0.00, 0.00
639,  0,  21.288,  0.98,  1, 0.00, 0.00, 0.00, 0.00, 0.38, 0.00, 0.09, 0.77, 0.25, 1.06, 0.35, 0.50, 0.04, 0.00, 0.20, 0.17, 0.46, 0.00, 0.00, 0.00, 0.00, 0.00, 0.00, 0.00, 1.00, 0.00, 1.00, 0.00, 0.00, 0.00, 0.00, 0.00, 0.00, 0.00, 0.00
640,  0,  21.321,  0.98,  1, 0.00, 0.00, 0.00, 0.00, 0.40, 0.00, 0.12, 0.76, 0.23, 1.03, 0.27, 0.54, 0.03, 0.00, 0.20, 0.10, 0.95, 0.00, 0.00, 0.00, 0.00, 0.00, 0.00, 0.00, 1.00, 0.00, 1.00, 0.00, 0.00, 0.00, 0.00, 0.00, 0.00, 0.00, 1.00
641,  0,  21.355,  0.98,  1, 0.01, 0.16, 0.00, 0.01, 0.45, 0.00, 0.21, 0.83, 0.19, 1.10, 0.15, 0.62, 0.00, 0.00, 0.22, 0.00, 1.35, 0.00, 0.00, 0.00, 0.00, 0.00, 0.00, 0.00, 1.00, 0.00, 1.00, 0.00, 0.00, 0.00, 0.00, 0.00, 0.00, 0.00, 1.00
642,  0,  21.388,  0.98,  1, 0.02, 0.34, 0.00, 0.01, 0.48, 0.00, 0.27, 0.83, 0.15, 1.13, 0.07, 0.73, 0.00, 0.00, 0.16, 0.00, 1.36, 0.00, 0.00, 0.00, 0.00, 0.00, 0.00, 0.00, 1.00, 0.00, 1.00, 0.00, 0.00, 0.00, 0.00, 0.00, 0.00, 0.00, 1.00
643,  0,  21.421,  0.98,  1, 0.02, 0.54, 0.00, 0.04, 0.51, 0.00, 0.36, 0.91, 0.18, 1.26, 0.08, 0.97, 0.00, 0.00, 0.10, 0.00, 1.43, 0.00, 0.00, 0.00, 0.00, 0.00, 0.00, 0.00, 1.00, 0.00, 1.00, 0.00, 0.00, 0.00, 0.00, 0.00, 0.00, 0.00, 1.00
644,  0,  21.455,  0.98,  1, 0.01, 0.54, 0.00, 0.11, 0.51, 0.00, 0.36, 0.94, 0.24, 1.19, 0.18, 1.13, 0.00, 0.00, 0.05, 0.01, 1.59, 0.00, 0.00, 0.00, 0.00, 0.00, 0.00, 0.00, 1.00, 0.00, 1.00, 0.00, 0.00, 0.00, 0.00, 0.00, 0.00, 0.00, 1.00
645,  0,  21.488,  0.98,  1, 0.01, 0.44, 0.00, 0.11, 0.50, 0.00, 0.43, 1.01, 0.23, 1.27, 0.21, 1.26, 0.00, 0.00, 0.00, 0.01, 1.65, 0.00, 0.00, 0.00, 0.00, 0.00, 0.00, 0.00, 1.00, 0.00, 1.00, 0.00, 0.00, 0.00, 0.00, 0.00, 0.00, 0.00, 1.00
646,  0,  21.522,  0.98,  1, 0.02, 0.34, 0.00, 0.07, 0.51, 0.00, 0.48, 1.02, 0.18, 1.26, 0.22, 1.26, 0.00, 0.00, 0.00, 0.01, 1.62, 0.00, 0.00, 0.00, 0.00, 0.00, 0.00, 0.00, 1.00, 0.00, 1.00, 1.00, 1.00, 0.00, 0.00, 0.00, 0.00, 0.00, 1.00
647,  0,  21.555,  0.98,  1, 0.02, 0.23, 0.00, 0.00, 0.55, 0.00, 0.55, 1.07, 0.13, 1.41, 0.28, 1.35, 0.00, 0.00, 0.11, 0.10, 1.11, 0.00, 0.00, 0.00, 0.00, 0.00, 0.00, 0.00, 1.00, 0.00, 1.00, 1.00, 1.00, 0.00, 0.00, 0.00, 0.00, 0.00, 1.00
648,  0,  21.588,  0.98,  1, 0.01, 0.15, 0.00, 0.00, 0.59, 0.00, 0.55, 1.12, 0.10, 1.50, 0.38, 1.41, 0.00, 0.00, 0.14, 0.24, 0.67, 0.00, 0.00, 0.00, 0.00, 0.00, 0.00, 0.00, 1.00, 0.00, 1.00, 1.00, 1.00, 0.00, 0.00, 0.00, 0.00, 0.00, 0.00
649,  0,  21.622,  0.98,  1, 0.00, 0.04, 0.00, 0.00, 0.62, 0.00, 0.51, 1.10, 0.05, 1.48, 0.35, 1.52, 0.01, 0.06, 0.18, 0.37, 0.14, 0.00, 0.00, 0.00, 0.00, 0.00, 0.00, 0.00, 1.00, 0.00, 1.00, 1.00, 1.00, 0.00, 0.00, 0.00, 0.00, 0.00, 0.00
650,  0,  21.655,  0.98,  1, 0.00, 0.00, 0.00, 0.00, 0.64, 0.00, 0.50, 1.03, 0.02, 1.33, 0.23, 1.55, 0.01, 0.11, 0.10, 0.37, 0.09, 0.00, 0.00, 0.00, 0.00, 0.00, 0.00, 0.00, 1.00, 0.00, 1.00, 1.00, 1.00, 0.00, 0.00, 0.00, 0.00, 0.00, 0.00
651,  0,  21.688,  0.98,  1, 0.00, 0.00, 0.00, 0.01, 0.59, 0.00, 0.40, 0.98, 0.08, 1.24, 0.23, 1.63, 0.01, 0.13, 0.13, 0.25, 0.00, 0.00, 0.00, 0.00, 0.00, 0.00, 0.00, 0.00, 1.00, 0.00, 1.00, 1.00, 1.00, 0.00, 0.00, 0.00, 0.00, 0.00, 0.00
652,  0,  21.722,  0.98,  1, 0.00, 0.00, 0.00, 0.06, 0.51, 0.00, 0.31, 1.04, 0.13, 1.22, 0.34, 1.60, 0.00, 0.09, 0.12, 0.16, 0.00, 0.00, 0.00, 0.00, 1.00, 0.00, 0.00, 0.00, 1.00, 0.00, 1.00, 1.00, 1.00, 0.00, 0.00, 0.00, 0.00, 0.00, 0.00
653,  0,  21.755,  0.98,  1, 0.00, 0.00, 0.00, 0.07, 0.43, 0.00, 0.19, 1.03, 0.20, 1.35, 0.30, 1.67, 0.01, 0.08, 0.09, 0.15, 0.00, 0.00, 0.00, 0.00, 1.00, 0.00, 0.00, 0.00, 1.00, 0.00, 1.00, 1.00, 1.00, 0.00, 0.00, 0.00, 0.00, 0.00, 0.00
654,  0,  21.788,  0.98,  1, 0.00, 0.00, 0.00, 0.06, 0.45, 0.00, 0.19, 1.05, 0.19, 1.35, 0.20, 1.68, 0.00, 0.12, 0.02, 0.28, 0.00, 0.00, 0.00, 0.00, 1.00, 0.00, 0.00, 0.00, 1.00, 0.00, 1.00, 1.00, 1.00, 0.00, 0.00, 0.00, 0.00, 0.00, 0.00
655,  0,  21.822,  0.98,  1, 0.00, 0.00, 0.00, 0.06, 0.46, 0.00, 0.24, 1.04, 0.22, 1.35, 0.16, 1.73, 0.00, 0.19, 0.02, 0.34, 0.00, 0.00, 0.00, 0.00, 1.00, 0.00, 0.00, 0.00, 1.00, 0.00, 1.00, 1.00, 1.00, 0.00, 0.00, 0.00, 0.00, 0.00, 0.00
656,  0,  21.855,  0.98,  1, 0.00, 0.00, 0.00, 0.05, 0.47, 0.00, 0.29, 1.10, 0.25, 1.20, 0.28, 1.73, 0.00, 0.22, 0.06, 0.32, 0.00, 0.00, 0.00, 0.00, 1.00, 0.00, 0.00, 0.00, 1.00, 0.00, 1.00, 1.00, 1.00, 0.00, 0.00, 0.00, 0.00, 0.00, 0.00
657,  0,  21.889,  0.98,  1, 0.00, 0.00, 0.00, 0.05, 0.45, 0.00, 0.36, 1.10, 0.25, 1.19, 0.35, 1.73, 0.00, 0.18, 0.06, 0.20, 0.00, 0.00, 0.00, 0.00, 1.00, 0.00, 0.00, 0.00, 1.00, 0.00, 1.00, 1.00, 1.00, 0.00, 0.00, 0.00, 0.00, 0.00, 0.00
658,  0,  21.922,  0.98,  1, 0.00, 0.00, 0.00, 0.01, 0.44, 0.00, 0.39, 1.05, 0.21, 1.30, 0.36, 1.76, 0.00, 0.12, 0.04, 0.13, 0.00, 0.00, 0.00, 0.00, 1.00, 0.00, 0.00, 0.00, 1.00, 0.00, 1.00, 1.00, 1.00, 0.00, 0.00, 0.00, 0.00, 0.00, 0.00
659,  0,  21.955,  0.98,  1, 0.00, 0.00, 0.00, 0.02, 0.46, 0.00, 0.38, 1.14, 0.21, 1.35, 0.39, 1.76, 0.11, 0.06, 0.00, 0.07, 0.00, 0.00, 0.00, 0.00, 1.00, 0.00, 0.00, 0.00, 1.00, 0.00, 1.00, 1.00, 1.00, 0.00, 0.00, 0.00, 0.00, 0.00, 0.00
660,  0,  21.989,  0.98,  1, 0.00, 0.00, 0.00, 0.11, 0.49, 0.00, 0.36, 1.29, 0.25, 1.26, 0.37, 1.75, 0.24, 0.04, 0.01, 0.07, 0.00, 0.00, 0.00, 0.00, 1.00, 0.00, 0.00, 0.00, 1.00, 0.00, 1.00, 1.00, 1.00, 0.00, 0.00, 0.00, 0.00, 0.00, 0.00
661,  0,  22.022,  0.98,  1, 0.00, 0.00, 0.00, 0.15, 0.54, 0.00, 0.23, 1.31, 0.27, 1.10, 0.40, 1.72, 0.24, 0.04, 0.10, 0.17, 0.00, 0.00, 0.00, 0.00, 1.00, 0.00, 0.00, 0.00, 1.00, 0.00, 1.00, 1.00, 1.00, 0.00, 0.00, 0.00, 0.00, 0.00, 0.00
662,  0,  22.055,  0.98,  1, 0.00, 0.00, 0.00, 0.22, 0.55, 0.00, 0.13, 1.20, 0.24, 1.00, 0.38, 1.73, 0.13, 0.05, 0.17, 0.27, 0.00, 0.00, 0.00, 0.00, 1.00, 0.00, 0.00, 0.00, 1.00, 0.00, 1.00, 1.00, 1.00, 0.00, 0.00, 0.00, 0.00, 0.00, 0.00
663,  0,  22.089,  0.98,  1, 0.00, 0.00, 0.00, 0.17, 0.55, 0.00, 0.04, 1.09, 0.21, 1.08, 0.41, 1.78, 0.00, 0.09, 0.29, 0.33, 0.00, 0.00, 0.00, 0.00, 1.00, 0.00, 0.00, 0.00, 1.00, 0.00, 1.00, 1.00, 1.00, 0.00, 0.00, 0.00, 0.00, 0.00, 0.00
664,  0,  22.122,  0.98,  1, 0.00, 0.00, 0.00, 0.15, 0.54, 0.00, 0.07, 1.14, 0.21, 1.20, 0.37, 1.77, 0.00, 0.11, 0.35, 0.30, 0.02, 0.00, 0.00, 0.00, 1.00, 0.00, 0.00, 0.00, 1.00, 0.00, 1.00, 1.00, 1.00, 0.00, 0.00, 0.00, 0.00, 0.00, 0.00
665,  0,  22.155,  0.98,  1, 0.02, 0.00, 0.00, 0.05, 0.53, 0.00, 0.14, 1.22, 0.27, 1.34, 0.38, 1.69, 0.00, 0.08, 0.47, 0.36, 0.02, 0.00, 0.00, 0.00, 1.00, 0.00, 0.00, 0.00, 1.00, 0.00, 1.00, 1.00, 1.00, 0.00, 0.00, 0.00, 0.00, 0.00, 0.00
666,  0,  22.189,  0.98,  1, 0.04, 0.00, 0.00, 0.02, 0.53, 0.00, 0.18, 1.25, 0.33, 1.37, 0.40, 1.64, 0.00, 0.05, 0.53, 0.48, 0.02, 0.00, 0.00, 0.00, 1.00, 0.00, 0.00, 0.00, 1.00, 0.00, 1.00, 1.00, 1.00, 0.00, 0.00, 0.00, 0.00, 0.00, 0.00
667,  0,  22.222,  0.98,  1, 0.04, 0.02, 0.00, 0.03, 0.53, 0.00, 0.15, 1.28, 0.37, 1.41, 0.50, 1.59, 0.00, 0.07, 0.52, 0.62, 0.00, 0.00, 0.00, 0.00, 1.00, 0.00, 0.00, 0.00, 1.00, 0.00, 1.00, 1.00, 1.00, 0.00, 0.00, 0.00, 0.00, 0.00, 0.00
668,  0,  22.256,  0.98,  1, 0.02, 0.02, 0.00, 0.03, 0.51, 0.00, 0.08, 1.24, 0.33, 1.46, 0.57, 1.57, 0.00, 0.14, 0.45, 0.59, 0.00, 0.00, 0.00, 0.00, 1.00, 0.00, 0.00, 0.00, 1.00, 0.00, 1.00, 1.00, 1.00, 0.00, 0.00, 0.00, 0.00, 0.00, 0.00
669,  0,  22.289,  0.98,  1, 0.00, 0.02, 0.00, 0.03, 0.52, 0.00, 0.02, 1.09, 0.27, 1.43, 0.66, 1.50, 0.00, 0.16, 0.29, 0.60, 0.00, 0.00, 0.00, 0.00, 1.00, 0.00, 0.00, 0.00, 1.00, 0.00, 1.00, 1.00, 1.00, 0.00, 0.00, 0.00, 0.00, 0.00, 0.00
670,  0,  22.322,  0.98,  1, 0.00, 0.00, 0.00, 0.00, 0.53, 0.00, 0.05, 0.93, 0.22, 1.38, 0.67, 1.47, 0.00, 0.12, 0.20, 0.60, 0.00, 0.00, 0.00, 0.00, 1.00, 0.00, 0.00, 0.00, 1.00, 0.00, 1.00, 1.00, 1.00, 0.00, 0.00, 0.00, 0.00, 0.00, 0.00
671,  0,  22.356,  0.98,  1, 0.00, 0.00, 0.00, 0.00, 0.53, 0.00, 0.08, 0.92, 0.21, 1.37, 0.52, 1.48, 0.00, 0.13, 0.17, 0.55, 0.00, 0.00, 0.00, 0.00, 1.00, 0.00, 0.00, 0.00, 1.00, 0.00, 1.00, 1.00, 1.00, 0.00, 0.00, 0.00, 0.00, 0.00, 0.00
672,  0,  22.389,  0.98,  1, 0.00, 0.00, 0.00, 0.00, 0.52, 0.00, 0.06, 0.96, 0.20, 1.45, 0.35, 1.54, 0.00, 0.21, 0.25, 0.42, 0.00, 0.00, 0.00, 0.00, 1.00, 0.00, 0.00, 0.00, 1.00, 0.00, 1.00, 1.00, 1.00, 0.00, 0.00, 0.00, 0.00, 0.00, 0.00
673,  0,  22.422,  0.98,  1, 0.00, 0.00, 0.00, 0.02, 0.51, 0.00, 0.03, 1.15, 0.27, 1.36, 0.24, 1.51, 0.00, 0.18, 0.36, 0.28, 0.00, 0.00, 0.00, 0.00, 1.00, 0.00, 0.00, 0.00, 1.00, 0.00, 1.00, 1.00, 1.00, 0.00, 0.00, 0.00, 0.00, 0.00, 0.00
674,  0,  22.456,  0.98,  1, 0.00, 0.00, 0.00, 0.10, 0.48, 0.00, 0.00, 1.19, 0.31, 1.21, 0.28, 1.46, 0.00, 0.11, 0.39, 0.24, 0.00, 0.00, 0.00, 0.00, 1.00, 0.00, 0.00, 0.00, 1.00, 0.00, 1.00, 1.00, 1.00, 0.00, 0.00, 0.00, 0.00, 0.00, 0.00
675,  0,  22.489,  0.98,  1, 0.00, 0.00, 0.00, 0.10, 0.45, 0.00, 0.04, 1.29, 0.38, 1.16, 0.35, 1.35, 0.00, 0.00, 0.37, 0.28, 0.00, 0.00, 0.00, 0.00, 1.00, 0.00, 0.00, 0.00, 1.00, 0.00, 1.00, 1.00, 1.00, 0.00, 0.00, 0.00, 0.00, 0.00, 0.00
676,  0,  22.523,  0.98,  1, 0.00, 0.00, 0.00, 0.08, 0.42, 0.00, 0.06, 1.27, 0.38, 1.29, 0.37, 1.35, 0.01, 0.00, 0.33, 0.28, 0.00, 0.00, 0.00, 0.00, 1.00, 0.00, 0.00, 0.00, 1.00, 0.00, 1.00, 1.00, 1.00, 0.00, 0.00, 0.00, 0.00, 0.00, 0.00
677,  0,  22.556,  0.98,  1, 0.00, 0.00, 0.00, 0.07, 0.43, 0.00, 0.09, 1.21, 0.35, 1.41, 0.36, 1.28, 0.10, 0.00, 0.30, 0.36, 0.06, 0.00, 0.00, 0.00, 0.00, 0.00, 0.00, 0.00, 1.00, 0.00, 1.00, 1.00, 1.00, 0.00, 0.00, 0.00, 0.00, 0.00, 0.00
678,  0,  22.589,  0.98,  1, 0.00, 0.00, 0.00, 0.17, 0.46, 0.00, 0.11, 1.16, 0.34, 1.40, 0.31, 1.28, 0.14, 0.00, 0.32, 0.36, 0.10, 0.00, 0.00, 0.00, 0.00, 0.00, 0.00, 0.00, 1.00, 0.00, 1.00, 1.00, 1.00, 0.00, 0.00, 0.00, 0.00, 0.00, 0.00
679,  0,  22.623,  0.98,  1, 0.02, 0.00, 0.00, 0.24, 0.47, 0.00, 0.14, 1.15, 0.31, 1.41, 0.29, 1.38, 0.16, 0.03, 0.34, 0.38, 0.10, 0.00, 0.00, 0.00, 0.00, 0.00, 0.00, 0.00, 1.00, 0.00, 1.00, 1.00, 1.00, 0.00, 0.00, 0.00, 0.00, 0.00, 0.00
680,  0,  22.656,  0.98,  1, 0.06, 0.00, 0.00, 0.19, 0.46, 0.00, 0.14, 1.22, 0.31, 1.42, 0.27, 1.52, 0.06, 0.07, 0.33, 0.34, 0.04, 0.00, 0.00, 0.00, 0.00, 0.00, 0.00, 0.00, 1.00, 0.00, 1.00, 1.00, 1.00, 0.00, 0.00, 0.00, 0.00, 0.00, 0.00
681,  0,  22.689,  0.98,  1, 0.06, 0.00, 0.00, 0.09, 0.48, 0.00, 0.10, 1.26, 0.32, 1.35, 0.22, 1.63, 0.03, 0.07, 0.39, 0.34, 0.06, 0.00, 0.00, 0.00, 1.00, 0.00, 0.00, 0.00, 1.00, 0.00, 1.00, 1.00, 1.00, 0.00, 0.00, 0.00, 0.00, 0.00, 0.00
682,  0,  22.723,  0.98,  1, 0.06, 0.00, 0.00, 0.02, 0.52, 0.00, 0.06, 1.27, 0.35, 1.29, 0.17, 1.58, 0.00, 0.05, 0.48, 0.40, 0.08, 0.00, 0.00, 0.00, 0.00, 0.00, 0.00, 0.00, 1.00, 0.00, 1.00, 1.00, 1.00, 0.00, 0.00, 0.00, 0.00, 0.00, 0.00
683,  0,  22.756,  0.98,  1, 0.06, 0.00, 0.00, 0.13, 0.58, 0.00, 0.04, 1.29, 0.35, 1.27, 0.17, 1.53, 0.00, 0.01, 0.50, 0.43, 0.11, 0.00, 0.00, 0.00, 0.00, 0.00, 0.00, 0.00, 1.00, 0.00, 1.00, 1.00, 1.00, 0.00, 0.00, 0.00, 0.00, 0.00, 0.00
684,  0,  22.789,  0.98,  1, 0.06, 0.00, 0.00, 0.17, 0.60, 0.00, 0.03, 1.35, 0.32, 1.38, 0.19, 1.52, 0.00, 0.01, 0.49, 0.43, 0.06, 0.00, 0.00, 0.00, 1.00, 0.00, 0.00, 0.00, 1.00, 0.00, 1.00, 0.00, 1.00, 0.00, 0.00, 0.00, 0.00, 0.00, 0.00
685,  0,  22.823,  0.98,  1, 0.14, 0.00, 0.00, 0.22, 0.61, 0.00, 0.02, 1.39, 0.28, 1.39, 0.16, 1.39, 0.00, 0.01, 0.31, 0.26, 0.17, 0.00, 0.00, 0.00, 1.00, 0.00, 0.00, 0.00, 1.00, 0.00, 1.00, 0.00, 1.00, 0.00, 0.00, 0.00, 0.00, 0.00, 0.00
686,  0,  22.856,  0.98,  1, 0.16, 0.00, 0.00, 0.22, 0.57, 0.00, 0.00, 1.41, 0.31, 1.40, 0.10, 1.29, 0.00, 0.02, 0.26, 0.14, 0.29, 0.00, 0.00, 0.00, 1.00, 0.00, 0.00, 0.00, 1.00, 0.00, 1.00, 1.00, 0.00, 0.00, 0.00, 0.00, 0.00, 0.00, 0.00
687,  0,  22.890,  0.98,  1, 0.16, 0.00, 0.00, 0.18, 0.47, 0.00, 0.00, 1.33, 0.33, 1.35, 0.17, 1.17, 0.00, 0.01, 0.16, 0.01, 0.32, 0.00, 0.00, 0.00, 1.00, 0.00, 0.00, 0.00, 1.00, 0.00, 1.00, 1.00, 0.00, 0.00, 0.00, 0.00, 0.00, 0.00, 0.00
688,  0,  22.923,  0.98,  1, 0.07, 0.00, 0.00, 0.12, 0.39, 0.00, 0.00, 1.23, 0.35, 1.38, 0.29, 1.18, 0.00, 0.00, 0.24, 0.03, 0.30, 0.00, 0.00, 0.00, 1.00, 0.00, 0.00, 0.00, 1.00, 0.00, 1.00, 0.00, 0.00, 0.00, 0.00, 0.00, 0.00, 0.00, 0.00
689,  0,  22.956,  0.98,  1, 0.00, 0.00, 0.00, 0.00, 0.37, 0.00, 0.01, 1.10, 0.33, 1.36, 0.39, 1.15, 0.00, 0.00, 0.24, 0.05, 0.26, 0.00, 0.00, 0.00, 1.00, 0.00, 0.00, 0.00, 1.00, 0.00, 1.00, 0.00, 0.00, 0.00, 0.00, 0.00, 0.00, 0.00, 0.00
690,  0,  22.990,  0.98,  1, 0.00, 0.00, 0.00, 0.00, 0.39, 0.00, 0.03, 1.06, 0.34, 1.39, 0.34, 1.12, 0.00, 0.00, 0.28, 0.05, 0.30, 0.00, 0.00, 0.00, 1.00, 0.00, 0.00, 0.00, 1.00, 0.00, 1.00, 0.00, 0.00, 0.00, 0.00, 0.00, 0.00, 0.00, 0.00
691,  0,  23.023,  0.98,  1, 0.00, 0.00, 0.00, 0.00, 0.41, 0.00, 0.10, 1.07, 0.35, 1.38, 0.29, 0.97, 0.00, 0.00, 0.32, 0.03, 0.19, 0.00, 0.00, 0.00, 1.00, 0.00, 0.00, 0.00, 1.00, 0.00, 1.00, 0.00, 0.00, 0.00, 0.00, 0.00, 0.00, 0.00, 0.00
692,  0,  23.056,  0.98,  1, 0.00, 0.00, 0.00, 0.00, 0.41, 0.00, 0.16, 1.09, 0.38, 1.42, 0.29, 0.86, 0.00, 0.00, 0.37, 0.00, 0.09, 0.00, 0.00, 0.00, 1.00, 0.00, 0.00, 0.00, 1.00, 0.00, 1.00, 0.00, 0.00, 0.00, 0.00, 0.00, 0.00, 0.00, 0.00
693,  0,  23.090,  0.98,  1, 0.00, 0.00, 0.00, 0.00, 0.45, 0.00, 0.18, 1.14, 0.32, 1.27, 0.29, 0.65, 0.00, 0.00, 0.50, 0.03, 0.08, 0.00, 0.00, 0.00, 1.00, 0.00, 0.00, 0.00, 1.00, 0.00, 1.00, 0.00, 0.00, 0.00, 0.00, 0.00, 0.00, 0.00, 0.00
694,  0,  23.123,  0.98,  1, 0.00, 0.00, 0.00, 0.00, 0.49, 0.00, 0.16, 1.16, 0.24, 1.10, 0.26, 0.59, 0.00, 0.00, 0.58, 0.05, 0.16, 0.00, 0.00, 0.00, 1.00, 0.00, 0.00, 0.00, 1.00, 0.00, 1.00, 0.00, 0.00, 0.00, 0.00, 0.00, 0.00, 0.00, 0.00
695,  0,  23.156,  0.98,  1, 0.00, 0.00, 0.00, 0.00, 0.55, 0.00, 0.16, 1.34, 0.19, 0.95, 0.23, 0.45, 0.00, 0.00, 0.75, 0.28, 0.35, 0.00, 0.00, 0.00, 1.00, 0.00, 0.00, 0.00, 1.00, 0.00, 1.00, 0.00, 0.00, 0.00, 0.00, 0.00, 0.00, 0.00, 0.00
696,  0,  23.190,  0.98,  1, 0.00, 0.00, 0.00, 0.00, 0.58, 0.00, 0.17, 1.50, 0.20, 0.95, 0.24, 0.39, 0.00, 0.00, 0.80, 0.51, 0.39, 0.00, 0.00, 0.00, 0.00, 0.00, 0.00, 0.00, 1.00, 0.00, 1.00, 0.00, 0.00, 0.00, 0.00, 1.00, 1.00, 0.00, 1.00
697,  0,  23.223,  0.98,  1, 0.00, 0.00, 0.00, 0.00, 0.68, 0.00, 0.15, 1.71, 0.39, 0.69, 0.19, 0.29, 0.00, 0.00, 1.31, 1.12, 0.55, 0.00, 0.00, 0.00, 0.00, 0.00, 0.00, 0.00, 1.00, 0.00, 1.00, 0.00, 0.00, 0.00, 0.00, 1.00, 1.00, 0.00, 1.00
698,  0,  23.257,  0.98,  1, 0.00, 0.00, 0.00, 0.00, 0.75, 0.00, 0.13, 1.80, 0.55, 0.44, 0.11, 0.24, 0.00, 0.00, 1.76, 1.54, 0.58, 0.00, 0.00, 0.00, 0.00, 0.00, 0.00, 0.00, 1.00, 0.00, 1.00, 0.00, 0.00, 0.00, 0.00, 1.00, 1.00, 0.00, 1.00
699,  0,  23.290,  0.98,  1, 0.00, 0.00, 0.00, 0.00, 0.78, 0.00, 0.13, 1.81, 0.62, 0.38, 0.10, 0.31, 0.00, 0.00, 2.03, 1.84, 0.48, 0.00, 0.00, 0.00, 0.00, 0.00, 0.00, 0.00, 1.00, 0.00, 1.00, 0.00, 0.00, 0.00, 0.00, 1.00, 1.00, 0.00, 1.00
700,  0,  23.323,  0.98,  1, 0.00, 0.00, 0.00, 0.00, 0.71, 0.00, 0.10, 1.72, 0.51, 0.59, 0.13, 0.44, 0.00, 0.00, 1.90, 1.80, 0.30, 0.00, 0.00, 0.00, 1.00, 0.00, 0.00, 0.00, 1.00, 0.00, 0.00, 0.00, 0.00, 0.00, 0.00, 1.00, 1.00, 0.00, 1.00
701,  0,  23.357,  0.98,  1, 0.00, 0.00, 0.00, 0.00, 0.62, 0.00, 0.05, 1.51, 0.34, 0.64, 0.12, 0.58, 0.00, 0.00, 1.51, 1.55, 0.09, 0.00, 0.00, 0.00, 1.00, 0.00, 0.00, 0.00, 1.00, 0.00, 0.00, 0.00, 0.00, 0.00, 0.00, 1.00, 1.00, 0.00, 1.00
702,  0,  23.390,  0.98,  1, 0.00, 0.00, 0.00, 0.00, 0.57, 0.00, 0.01, 1.39, 0.30, 0.53, 0.06, 0.62, 0.00, 0.00, 1.26, 1.37, 0.07, 0.00, 0.00, 0.00, 1.00, 0.00, 0.00, 0.00, 1.00, 0.00, 1.00, 0.00, 0.00, 0.00, 0.00, 1.00, 1.00, 0.00, 0.00
703,  0,  23.423,  0.98,  1, 0.05, 0.00, 0.00, 0.00, 0.48, 0.00, 0.00, 1.27, 0.17, 0.63, 0.01, 0.60, 0.00, 0.00, 0.91, 1.16, 0.00, 0.00, 0.00, 0.00, 1.00, 0.00, 0.00, 0.00, 1.00, 0.00, 1.00, 0.00, 0.00, 0.00, 0.00, 1.00, 1.00, 0.00, 0.00
704,  0,  23.457,  0.98,  1, 0.12, 0.00, 0.00, 0.00, 0.40, 0.00, 0.00, 1.32, 0.11, 0.84, 0.01, 0.58, 0.00, 0.00, 0.83, 1.09, 0.00, 0.00, 0.00, 0.00, 0.00, 0.00, 0.00, 0.00, 1.00, 0.00, 1.00, 0.00, 0.00, 0.00, 0.00, 1.00, 1.00, 0.00, 0.00
705,  0,  23.490,  0.98,  1, 0.12, 0.00, 0.00, 0.00, 0.31, 0.00, 0.00, 1.30, 0.11, 0.87, 0.00, 0.49, 0.00, 0.00, 0.63, 0.98, 0.00, 0.00, 0.00, 0.00, 0.00, 0.00, 0.00, 0.00, 1.00, 0.00, 1.00, 0.00, 0.00, 0.00, 0.00, 1.00, 1.00, 0.00, 0.00
706,  0,  23.524,  0.98,  1, 0.06, 0.00, 0.00, 0.00, 0.30, 0.00, 0.00, 1.25, 0.19, 0.72, 0.02, 0.45, 0.00, 0.00, 0.56, 0.91, 0.00, 0.00, 0.00, 0.00, 0.00, 0.00, 0.00, 0.00, 1.00, 0.00, 1.00, 0.00, 0.00, 0.00, 0.00, 1.00, 1.00, 0.00, 0.00
707,  0,  23.557,  0.98,  1, 0.08, 0.00, 0.00, 0.00, 0.31, 0.00, 0.00, 1.08, 0.17, 0.49, 0.02, 0.49, 0.00, 0.00, 0.43, 0.91, 0.00, 0.00, 0.00, 0.00, 0.00, 0.00, 0.00, 0.00, 1.00, 0.00, 1.00, 0.00, 0.00, 0.00, 0.00, 1.00, 1.00, 0.00, 0.00
708,  0,  23.590,  0.98,  1, 0.14, 0.00, 0.00, 0.00, 0.30, 0.00, 0.00, 0.96, 0.09, 0.36, 0.02, 0.59, 0.00, 0.00, 0.46, 0.97, 0.00, 0.00, 0.00, 0.00, 0.00, 0.00, 0.00, 0.00, 1.00, 0.00, 1.00, 0.00, 0.00, 0.00, 0.00, 1.00, 1.00, 0.00, 0.00
709,  0,  23.624,  0.98,  1, 0.14, 0.00, 0.00, 0.00, 0.29, 0.00, 0.00, 0.98, 0.00, 0.26, 0.00, 0.66, 0.00, 0.00, 0.43, 1.01, 0.00, 0.00, 0.00, 0.00, 0.00, 0.00, 0.00, 0.00, 1.00, 0.00, 0.00, 0.00, 0.00, 0.00, 0.00, 1.00, 1.00, 0.00, 0.00
710,  0,  23.657,  0.98,  1, 0.06, 0.00, 0.00, 0.00, 0.27, 0.00, 0.00, 1.00, 0.00, 0.26, 0.00, 0.62, 0.00, 0.00, 0.42, 0.95, 0.00, 0.00, 0.00, 0.00, 1.00, 0.00, 0.00, 0.00, 1.00, 0.00, 0.00, 0.00, 0.00, 0.00, 0.00, 1.00, 1.00, 0.00, 0.00
711,  0,  23.690,  0.98,  1, 0.00, 0.00, 0.00, 0.00, 0.26, 0.00, 0.00, 1.02, 0.00, 0.31, 0.00, 0.61, 0.00, 0.00, 0.43, 0.96, 0.00, 0.00, 0.00, 0.00, 1.00, 0.00, 0.00, 0.00, 1.00, 0.00, 0.00, 0.00, 0.00, 0.00, 0.00, 1.00, 1.00, 0.00, 0.00
712,  0,  23.724,  0.98,  1, 0.00, 0.00, 0.00, 0.00, 0.29, 0.00, 0.00, 0.97, 0.05, 0.21, 0.00, 0.54, 0.00, 0.00, 0.63, 0.95, 0.00, 0.00, 0.00, 0.00, 1.00, 0.00, 0.00, 0.00, 1.00, 0.00, 0.00, 0.00, 0.00, 0.00, 0.00, 1.00, 1.00, 0.00, 0.00
713,  0,  23.757,  0.98,  1, 0.00, 0.00, 0.00, 0.00, 0.30, 0.00, 0.00, 0.98, 0.08, 0.11, 0.00, 0.48, 0.00, 0.00, 0.85, 1.00, 0.00, 0.00, 0.00, 0.00, 1.00, 0.00, 0.00, 0.00, 1.00, 0.00, 0.00, 0.00, 0.00, 0.00, 0.00, 1.00, 1.00, 0.00, 0.00
714,  0,  23.790,  0.98,  1, 0.00, 0.00, 0.00, 0.00, 0.36, 0.00, 0.00, 1.05, 0.17, 0.05, 0.00, 0.41, 0.00, 0.00, 1.15, 1.10, 0.00, 0.00, 0.00, 0.00, 1.00, 0.00, 0.00, 0.00, 1.00, 0.00, 0.00, 0.00, 0.00, 0.00, 0.00, 1.00, 1.00, 0.00, 0.00
715,  0,  23.824,  0.98,  1, 0.00, 0.00, 0.00, 0.00, 0.39, 0.00, 0.00, 1.07, 0.19, 0.11, 0.00, 0.42, 0.00, 0.00, 1.23, 1.14, 0.00, 0.00, 0.00, 0.00, 1.00, 0.00, 0.00, 0.00, 1.00, 0.00, 0.00, 0.00, 0.00, 0.00, 0.00, 1.00, 1.00, 0.00, 0.00
716,  0,  23.857,  0.98,  1, 0.00, 0.00, 0.00, 0.00, 0.40, 0.00, 0.00, 1.16, 0.23, 0.26, 0.00, 0.43, 0.00, 0.00, 1.37, 1.12, 0.00, 0.00, 0.00, 0.00, 1.00, 0.00, 0.00, 0.00, 1.00, 0.00, 0.00, 0.00, 0.00, 0.00, 0.00, 1.00, 1.00, 0.00, 0.00
717,  0,  23.891,  0.98,  1, 0.00, 0.00, 0.00, 0.00, 0.35, 0.00, 0.00, 1.23, 0.23, 0.27, 0.00, 0.44, 0.00, 0.00, 1.44, 1.03, 0.00, 0.00, 0.00, 0.00, 1.00, 0.00, 0.00, 0.00, 1.00, 0.00, 0.00, 0.00, 0.00, 0.00, 0.00, 1.00, 1.00, 0.00, 0.00
718,  0,  23.924,  0.98,  1, 0.00, 0.00, 0.00, 0.00, 0.32, 0.00, 0.00, 1.28, 0.19, 0.45, 0.00, 0.51, 0.00, 0.00, 1.03, 0.74, 0.00, 0.00, 0.00, 0.00, 1.00, 0.00, 0.00, 0.00, 1.00, 0.00, 1.00, 0.00, 0.00, 0.00, 0.00, 1.00, 1.00, 0.00, 0.00
719,  0,  23.957,  0.98,  1, 0.00, 0.00, 0.00, 0.00, 0.32, 0.00, 0.00, 1.28, 0.13, 0.53, 0.00, 0.57, 0.00, 0.00, 0.57, 0.52, 0.00, 0.00, 0.00, 0.00, 1.00, 0.00, 0.00, 0.00, 1.00, 0.00, 1.00, 0.00, 0.00, 0.00, 0.00, 1.00, 1.00, 0.00, 0.00
720,  0,  23.991,  0.98,  1, 0.00, 0.00, 0.00, 0.00, 0.37, 0.00, 0.00, 1.30, 0.11, 0.82, 0.00, 0.71, 0.00, 0.01, 0.14, 0.31, 0.00, 0.00, 0.00, 0.00, 1.00, 0.00, 0.00, 0.00, 1.00, 0.00, 1.00, 0.00, 0.00, 0.00, 0.00, 1.00, 1.00, 0.00, 0.00
721,  0,  24.024,  0.98,  1, 0.00, 0.00, 0.00, 0.00, 0.38, 0.00, 0.00, 1.37, 0.13, 0.92, 0.00, 0.76, 0.00, 0.01, 0.21, 0.34, 0.00, 0.00, 0.00, 0.00, 1.00, 0.00, 0.00, 0.00, 1.00, 0.00, 1.00, 0.00, 0.00, 0.00, 0.00, 0.00, 0.00, 0.00, 0.00
722,  0,  24.057,  0.98,  1, 0.00, 0.00, 0.00, 0.00, 0.44, 0.00, 0.00, 1.34, 0.22, 1.14, 0.04, 0.95, 0.09, 0.08, 0.40, 0.56, 0.00, 0.00, 0.00, 0.00, 1.00, 0.00, 0.00, 0.00, 1.00, 0.00, 1.00, 0.00, 0.00, 0.00, 0.00, 0.00, 0.00, 0.00, 0.00
723,  0,  24.091,  0.98,  1, 0.00, 0.00, 0.00, 0.00, 0.49, 0.00, 0.00, 1.22, 0.23, 1.23, 0.10, 1.03, 0.13, 0.14, 0.52, 0.71, 0.00, 0.00, 0.00, 0.00, 1.00, 0.00, 0.00, 0.00, 1.00, 0.00, 1.00, 0.00, 0.00, 0.00, 0.00, 0.00, 0.00, 0.00, 0.00
724,  0,  24.124,  0.98,  1, 0.00, 0.00, 0.00, 0.00, 0.54, 0.00, 0.00, 1.14, 0.31, 1.38, 0.20, 1.07, 0.13, 0.13, 0.59, 0.81, 0.02, 0.00, 0.00, 0.00, 1.00, 0.00, 0.00, 0.00, 1.00, 0.00, 1.00, 0.00, 0.00, 0.00, 0.00, 0.00, 0.00, 0.00, 0.00
725,  0,  24.157,  0.98,  1, 0.00, 0.00, 0.00, 0.00, 0.56, 0.00, 0.00, 1.15, 0.34, 1.43, 0.29, 0.99, 0.05, 0.07, 0.54, 0.69, 0.02, 0.00, 0.00, 0.00, 1.00, 0.00, 0.00, 0.00, 1.00, 0.00, 1.00, 0.00, 0.00, 0.00, 0.00, 0.00, 0.00, 0.00, 0.00
726,  0,  24.191,  0.98,  1, 0.00, 0.00, 0.00, 0.00, 0.56, 0.00, 0.00, 1.19, 0.32, 1.43, 0.32, 0.96, 0.00, 0.00, 0.34, 0.54, 0.49, 0.00, 0.00, 0.00, 1.00, 0.00, 0.00, 0.00, 1.00, 0.00, 1.00, 1.00, 0.00, 0.00, 0.00, 0.00, 0.00, 0.00, 0.00
727,  0,  24.224,  0.98,  1, 0.00, 0.00, 0.00, 0.00, 0.58, 0.00, 0.01, 1.22, 0.27, 1.37, 0.30, 0.96, 0.02, 0.00, 0.20, 0.49, 0.96, 0.00, 0.00, 0.00, 1.00, 0.00, 0.00, 0.00, 1.00, 0.00, 1.00, 1.00, 0.00, 0.00, 0.00, 0.00, 0.00, 0.00, 0.00
728,  0,  24.258,  0.98,  1, 0.00, 0.00, 0.00, 0.00, 0.58, 0.00, 0.01, 1.28, 0.21, 1.38, 0.27, 1.00, 0.06, 0.01, 0.08, 0.44, 0.98, 0.00, 0.00, 0.00, 0.00, 0.00, 0.00, 0.00, 1.00, 0.00, 1.00, 1.00, 0.00, 0.00, 0.00, 0.00, 0.00, 0.00, 0.00
729,  0,  24.291,  0.98,  1, 0.00, 0.00, 0.00, 0.00, 0.60, 0.00, 0.01, 1.31, 0.22, 1.41, 0.26, 1.04, 0.12, 0.04, 0.09, 0.44, 0.55, 0.00, 0.00, 0.00, 0.00, 0.00, 0.00, 0.00, 1.00, 0.00, 1.00, 1.00, 0.00, 0.00, 0.00, 0.00, 0.00, 0.00, 0.00
730,  0,  24.324,  0.98,  1, 0.00, 0.00, 0.00, 0.00, 0.54, 0.00, 0.02, 1.39, 0.24, 1.48, 0.29, 1.08, 0.15, 0.04, 0.08, 0.48, 0.06, 0.00, 0.00, 0.00, 0.00, 0.00, 0.00, 0.00, 1.00, 0.00, 1.00, 1.00, 0.00, 0.00, 0.00, 0.00, 0.00, 0.00, 0.00
731,  0,  24.358,  0.98,  1, 0.00, 0.00, 0.00, 0.00, 0.48, 0.00, 0.04, 1.42, 0.23, 1.46, 0.34, 1.11, 0.16, 0.03, 0.05, 0.55, 0.04, 0.00, 0.00, 0.00, 0.00, 0.00, 0.00, 0.00, 1.00, 0.00, 1.00, 1.00, 1.00, 0.00, 0.00, 0.00, 0.00, 0.00, 0.00
732,  0,  24.391,  0.98,  1, 0.00, 0.00, 0.00, 0.00, 0.40, 0.00, 0.04, 1.47, 0.30, 1.56, 0.39, 1.22, 0.11, 0.06, 0.04, 0.64, 0.00, 0.00, 0.00, 0.00, 1.00, 0.00, 0.00, 0.00, 1.00, 0.00, 1.00, 1.00, 1.00, 0.00, 0.00, 0.00, 0.00, 0.00, 0.00
733,  0,  24.424,  0.98,  1, 0.00, 0.00, 0.00, 0.00, 0.39, 0.00, 0.03, 1.46, 0.34, 1.61, 0.42, 1.35, 0.09, 0.13, 0.02, 0.62, 0.00, 0.00, 0.00, 0.00, 1.00, 0.00, 0.00, 0.00, 1.00, 0.00, 1.00, 1.00, 1.00, 0.00, 0.00, 0.00, 0.00, 0.00, 0.00
734,  0,  24.458,  0.98,  1, 0.00, 0.00, 0.00, 0.00, 0.41, 0.00, 0.01, 1.51, 0.43, 1.64, 0.32, 1.41, 0.07, 0.23, 0.00, 0.71, 0.00, 0.00, 0.00, 0.00, 1.00, 0.00, 0.00, 0.00, 1.00, 0.00, 1.00, 1.00, 1.00, 0.00, 0.00, 0.00, 0.00, 0.00, 0.00
735,  0,  24.491,  0.98,  1, 0.00, 0.00, 0.00, 0.00, 0.42, 0.00, 0.03, 1.56, 0.46, 1.55, 0.29, 1.35, 0.07, 0.28, 0.00, 0.76, 0.00, 0.00, 0.00, 0.00, 1.00, 0.00, 0.00, 0.00, 1.00, 0.00, 1.00, 1.00, 1.00, 0.00, 0.00, 0.00, 0.00, 0.00, 0.00
736,  0,  24.525,  0.98,  1, 0.00, 0.00, 0.00, 0.00, 0.43, 0.00, 0.05, 1.53, 0.46, 1.48, 0.22, 1.37, 0.10, 0.39, 0.00, 0.88, 0.00, 0.00, 0.00, 0.00, 1.00, 0.00, 0.00, 0.00, 1.00, 0.00, 1.00, 1.00, 1.00, 0.00, 0.00, 0.00, 0.00, 0.00, 0.00
737,  0,  24.558,  0.98,  1, 0.00, 0.00, 0.00, 0.00, 0.44, 0.00, 0.07, 1.45, 0.44, 1.48, 0.27, 1.48, 0.15, 0.46, 0.00, 0.91, 0.00, 0.00, 0.00, 0.00, 1.00, 0.00, 0.00, 0.00, 1.00, 0.00, 1.00, 1.00, 1.00, 0.00, 0.00, 0.00, 0.00, 0.00, 0.00
738,  0,  24.591,  0.98,  1, 0.00, 0.00, 0.00, 0.00, 0.44, 0.00, 0.05, 1.38, 0.41, 1.49, 0.21, 1.69, 0.13, 0.58, 0.00, 0.93, 0.00, 0.00, 0.00, 0.00, 1.00, 0.00, 0.00, 0.00, 1.00, 0.00, 1.00, 1.00, 1.00, 0.00, 0.00, 0.00, 0.00, 0.00, 0.00
739,  0,  24.625,  0.98,  1, 0.00, 0.00, 0.00, 0.00, 0.41, 0.00, 0.02, 1.39, 0.41, 1.52, 0.21, 1.84, 0.08, 0.62, 0.00, 0.91, 0.00, 0.00, 0.00, 0.00, 1.00, 0.00, 0.00, 0.00, 1.00, 0.00, 1.00, 1.00, 1.00, 0.00, 0.00, 0.00, 0.00, 0.00, 0.00
740,  0,  24.658,  0.98,  1, 0.00, 0.00, 0.00, 0.00, 0.39, 0.00, 0.00, 1.41, 0.44, 1.51, 0.33, 1.85, 0.03, 0.57, 0.04, 0.91, 0.00, 0.00, 0.00, 0.00, 1.00, 0.00, 0.00, 0.00, 1.00, 0.00, 1.00, 1.00, 1.00, 0.00, 0.00, 0.00, 0.00, 0.00, 0.00
741,  0,  24.691,  0.98,  1, 0.00, 0.00, 0.00, 0.00, 0.40, 0.00, 0.00, 1.41, 0.49, 1.55, 0.41, 1.79, 0.08, 0.46, 0.04, 0.93, 0.00, 0.00, 0.00, 0.00, 1.00, 0.00, 0.00, 0.00, 1.00, 0.00, 1.00, 1.00, 1.00, 0.00, 0.00, 0.00, 0.00, 0.00, 0.00
742,  0,  24.725,  0.98,  1, 0.00, 0.00, 0.00, 0.00, 0.37, 0.00, 0.00, 1.41, 0.53, 1.50, 0.41, 1.74, 0.19, 0.47, 0.04, 0.83, 0.00, 0.00, 0.00, 0.00, 1.00, 0.00, 0.00, 0.00, 1.00, 0.00, 1.00, 1.00, 1.00, 0.00, 0.00, 0.00, 0.00, 0.00, 0.00
743,  0,  24.758,  0.98,  1, 0.00, 0.00, 0.00, 0.00, 0.31, 0.00, 0.00, 1.41, 0.54, 1.47, 0.30, 1.77, 0.25, 0.56, 0.00, 0.75, 0.00, 0.00, 0.00, 0.00, 1.00, 0.00, 0.00, 0.00, 1.00, 0.00, 1.00, 1.00, 1.00, 0.00, 0.00, 0.00, 0.00, 0.00, 0.00
744,  0,  24.791,  0.98,  1, 0.00, 0.00, 0.00, 0.00, 0.29, 0.00, 0.00, 1.35, 0.52, 1.47, 0.29, 1.64, 0.20, 0.54, 0.12, 0.73, 0.00, 0.00, 0.00, 0.00, 1.00, 0.00, 0.00, 0.00, 1.00, 0.00, 1.00, 1.00, 1.00, 0.00, 0.00, 0.00, 0.00, 0.00, 0.00
745,  0,  24.825,  0.98,  1, 0.00, 0.00, 0.00, 0.00, 0.33, 0.00, 0.00, 1.29, 0.50, 1.53, 0.42, 1.51, 0.09, 0.43, 0.24, 0.83, 0.00, 0.00, 0.00, 0.00, 1.00, 0.00, 0.00, 0.00, 1.00, 0.00, 1.00, 1.00, 1.00, 0.00, 0.00, 0.00, 0.00, 0.00, 0.00
746,  0,  24.858,  0.98,  1, 0.00, 0.00, 0.00, 0.00, 0.36, 0.00, 0.00, 1.28, 0.49, 1.52, 0.38, 1.39, 0.00, 0.32, 0.34, 0.90, 0.00, 0.00, 0.00, 0.00, 1.00, 0.00, 0.00, 0.00, 1.00, 0.00, 1.00, 1.00, 1.00, 0.00, 0.00, 0.00, 0.00, 0.00, 0.00
747,  0,  24.892,  0.98,  1, 0.00, 0.00, 0.00, 0.00, 0.34, 0.00, 0.00, 1.37, 0.47, 1.43, 0.32, 1.40, 0.00, 0.31, 0.33, 0.89, 0.00, 0.00, 0.00, 0.00, 0.00, 0.00, 0.00, 0.00, 1.00, 0.00, 1.00, 1.00, 1.00, 0.00, 0.00, 0.00, 0.00, 0.00, 0.00
748,  0,  24.925,  0.98,  1, 0.00, 0.00, 0.00, 0.00, 0.34, 0.00, 0.02, 1.37, 0.44, 1.48, 0.20, 1.42, 0.00, 0.38, 0.34, 0.90, 0.00, 0.00, 0.00, 0.00, 0.00, 0.00, 0.00, 0.00, 1.00, 0.00, 1.00, 1.00, 1.00, 0.00, 0.00, 0.00, 0.00, 0.00, 0.00
749,  0,  24.958,  0.98,  1, 0.00, 0.00, 0.00, 0.00, 0.39, 0.00, 0.02, 1.35, 0.41, 1.63, 0.22, 1.41, 0.00, 0.45, 0.39, 0.94, 0.00, 0.00, 0.00, 0.00, 0.00, 0.00, 0.00, 0.00, 1.00, 0.00, 1.00, 0.00, 1.00, 0.00, 0.00, 0.00, 0.00, 0.00, 0.00
750,  0,  24.992,  0.98,  1, 0.00, 0.00, 0.00, 0.00, 0.45, 0.00, 0.02, 1.29, 0.43, 1.64, 0.18, 1.48, 0.04, 0.55, 0.30, 0.99, 0.00, 0.00, 0.00, 0.00, 0.00, 0.00, 0.00, 0.00, 1.00, 0.00, 1.00, 0.00, 1.00, 0.00, 0.00, 0.00, 0.00, 0.00, 0.00
751,  0,  25.025,  0.98,  1, 0.00, 0.00, 0.00, 0.00, 0.47, 0.00, 0.01, 1.31, 0.48, 1.57, 0.10, 1.50, 0.05, 0.60, 0.19, 0.99, 0.00, 0.00, 0.00, 0.00, 0.00, 0.00, 0.00, 0.00, 1.00, 0.00, 1.00, 0.00, 1.00, 0.00, 0.00, 0.00, 0.00, 0.00, 0.00
752,  0,  25.058,  0.98,  1, 0.00, 0.00, 0.00, 0.00, 0.47, 0.00, 0.01, 1.25, 0.52, 1.42, 0.01, 1.59, 0.05, 0.67, 0.05, 1.06, 0.00, 0.00, 0.00, 0.00, 0.00, 0.00, 0.00, 0.00, 1.00, 0.00, 1.00, 0.00, 1.00, 0.00, 0.00, 0.00, 0.00, 0.00, 0.00
753,  0,  25.092,  0.98,  1, 0.00, 0.00, 0.00, 0.00, 0.46, 0.00, 0.01, 1.18, 0.53, 1.43, 0.00, 1.65, 0.02, 0.73, 0.09, 1.18, 0.00, 0.00, 0.00, 0.00, 0.00, 0.00, 0.00, 0.00, 1.00, 1.00, 1.00, 0.00, 1.00, 0.00, 0.00, 0.00, 0.00, 0.00, 0.00
754,  0,  25.125,  0.98,  1, 0.00, 0.00, 0.00, 0.00, 0.42, 0.00, 0.00, 1.17, 0.58, 1.50, 0.03, 1.61, 0.00, 0.69, 0.07, 1.19, 0.00, 0.00, 0.00, 0.00, 0.00, 0.00, 0.00, 0.00, 1.00, 1.00, 1.00, 0.00, 1.00, 0.00, 0.00, 0.00, 0.00, 0.00, 0.00
755,  0,  25.158,  0.98,  1, 0.00, 0.00, 0.00, 0.02, 0.39, 0.00, 0.00, 1.20, 0.63, 1.61, 0.07, 1.50, 0.00, 0.62, 0.05, 1.10, 0.00, 0.00, 0.00, 0.00, 0.00, 0.00, 0.00, 0.00, 1.00, 1.00, 1.00, 0.00, 1.00, 0.00, 0.00, 0.00, 0.00, 0.00, 0.00
756,  0,  25.192,  0.98,  1, 0.00, 0.00, 0.00, 0.02, 0.38, 0.00, 0.00, 1.19, 0.64, 1.81, 0.07, 1.47, 0.00, 0.59, 0.00, 0.95, 0.00, 0.00, 0.00, 0.00, 1.00, 0.00, 0.00, 0.00, 1.00, 1.00, 1.00, 0.00, 1.00, 0.00, 0.00, 0.00, 0.00, 0.00, 0.00
757,  0,  25.225,  0.98,  1, 0.00, 0.00, 0.00, 0.02, 0.40, 0.00, 0.00, 1.10, 0.61, 1.88, 0.04, 1.53, 0.00, 0.64, 0.00, 0.98, 0.00, 0.00, 0.00, 0.00, 1.00, 0.00, 0.00, 0.00, 1.00, 1.00, 1.00, 0.00, 1.00, 0.00, 0.00, 0.00, 0.00, 0.00, 0.00
758,  0,  25.259,  0.98,  1, 0.00, 0.00, 0.00, 0.00, 0.38, 0.00, 0.00, 1.04, 0.57, 1.84, 0.06, 1.59, 0.02, 0.50, 0.12, 0.88, 0.15, 0.00, 0.00, 0.00, 0.00, 0.00, 0.00, 0.00, 1.00, 1.00, 1.00, 0.00, 1.00, 0.00, 0.00, 0.00, 0.00, 0.00, 0.00
759,  0,  25.292,  0.98,  1, 0.00, 0.00, 0.00, 0.00, 0.35, 0.00, 0.00, 1.01, 0.56, 1.67, 0.15, 1.54, 0.05, 0.26, 0.21, 0.81, 0.25, 0.00, 0.00, 0.00, 0.00, 0.00, 0.00, 0.00, 1.00, 0.00, 1.00, 0.00, 1.00, 0.00, 0.00, 0.00, 0.00, 0.00, 0.00
760,  0,  25.325,  0.98,  1, 0.00, 0.14, 0.00, 0.16, 0.32, 0.00, 0.00, 1.11, 0.52, 1.62, 0.15, 1.58, 0.05, 0.03, 0.24, 0.72, 1.08, 0.00, 0.00, 0.00, 0.00, 0.00, 0.00, 0.00, 1.00, 0.00, 1.00, 0.00, 1.00, 0.00, 0.00, 0.00, 0.00, 0.00, 0.00
761,  0,  25.359,  0.98,  1, 0.04, 0.19, 0.00, 0.22, 0.33, 0.00, 0.00, 1.16, 0.46, 1.69, 0.09, 1.63, 0.03, 0.01, 0.15, 0.77, 1.72, 0.00, 0.00, 0.00, 0.00, 0.00, 0.00, 0.00, 1.00, 0.00, 1.00, 0.00, 1.00, 0.00, 0.00, 0.00, 0.00, 0.00, 1.00
762,  0,  25.392,  0.98,  1, 0.04, 0.19, 0.00, 0.24, 0.46, 0.00, 0.00, 1.26, 0.41, 1.74, 0.00, 1.80, 0.00, 0.11, 0.13, 0.76, 2.02, 0.00, 0.00, 0.00, 0.00, 0.00, 0.00, 0.00, 1.00, 0.00, 1.00, 0.00, 1.00, 0.00, 0.00, 0.00, 0.00, 0.00, 1.00
763,  0,  25.425,  0.98,  1, 0.04, 0.05, 0.00, 0.08, 0.57, 0.00, 0.00, 1.27, 0.42, 1.68, 0.02, 1.90, 0.00, 0.23, 0.14, 0.72, 1.52, 0.00, 0.00, 0.00, 0.00, 0.00, 0.00, 0.00, 1.00, 0.00, 1.00, 0.00, 1.00, 0.00, 0.00, 0.00, 0.00, 0.00, 1.00
764,  0,  25.459,  0.98,  1, 0.00, 0.00, 0.00, 0.01, 0.68, 0.00, 0.00, 1.27, 0.39, 1.60, 0.03, 2.06, 0.00, 0.47, 0.17, 0.73, 0.88, 0.00, 0.00, 0.00, 0.00, 0.00, 0.00, 0.00, 1.00, 0.00, 1.00, 0.00, 1.00, 0.00, 0.00, 0.00, 0.00, 0.00, 1.00
765,  0,  25.492,  0.98,  1, 0.00, 0.00, 0.00, 0.00, 0.69, 0.00, 0.00, 1.26, 0.35, 1.57, 0.03, 2.13, 0.00, 0.60, 0.16, 0.82, 0.63, 0.00, 0.00, 0.00, 0.00, 0.00, 0.00, 0.00, 1.00, 0.00, 1.00, 0.00, 1.00, 0.00, 0.00, 0.00, 0.00, 0.00, 0.00
766,  0,  25.526,  0.98,  1, 0.00, 0.00, 0.00, 0.00, 0.67, 0.00, 0.00, 1.22, 0.32, 1.56, 0.10, 2.01, 0.00, 0.60, 0.13, 0.89, 0.30, 0.00, 0.00, 0.00, 0.00, 0.00, 0.00, 0.00, 1.00, 0.00, 1.00, 0.00, 1.00, 0.00, 0.00, 0.00, 0.00, 0.00, 0.00
767,  0,  25.559,  0.98,  1, 0.00, 0.00, 0.00, 0.00, 0.63, 0.00, 0.00, 1.23, 0.34, 1.54, 0.13, 1.86, 0.00, 0.43, 0.11, 0.85, 0.14, 0.00, 0.00, 0.00, 0.00, 0.00, 0.00, 0.00, 1.00, 0.00, 1.00, 0.00, 1.00, 0.00, 0.00, 0.00, 0.00, 0.00, 0.00
768,  0,  25.592,  0.98,  1, 0.00, 0.00, 0.00, 0.00, 0.59, 0.00, 0.05, 1.25, 0.37, 1.53, 0.12, 1.68, 0.00, 0.32, 0.16, 0.84, 0.00, 0.00, 0.00, 0.00, 0.00, 0.00, 0.00, 0.00, 1.00, 0.00, 1.00, 0.00, 1.00, 0.00, 0.00, 0.00, 0.00, 0.00, 0.00
769,  0,  25.626,  0.98,  1, 0.00, 0.00, 0.00, 0.00, 0.58, 0.00, 0.08, 1.27, 0.35, 1.46, 0.04, 1.64, 0.00, 0.31, 0.24, 0.82, 0.00, 0.00, 0.00, 0.00, 0.00, 0.00, 0.00, 0.00, 1.00, 0.00, 1.00, 0.00, 1.00, 0.00, 0.00, 0.00, 0.00, 0.00, 0.00
770,  0,  25.659,  0.98,  1, 0.00, 0.00, 0.00, 0.00, 0.52, 0.00, 0.12, 1.23, 0.34, 1.36, 0.00, 1.59, 0.00, 0.34, 0.29, 0.91, 0.00, 0.00, 0.00, 0.00, 0.00, 0.00, 0.00, 0.00, 1.00, 0.00, 1.00, 0.00, 1.00, 0.00, 0.00, 0.00, 0.00, 0.00, 0.00
771,  0,  25.692,  0.98,  1, 0.00, 0.00, 0.00, 0.00, 0.43, 0.00, 0.11, 1.22, 0.36, 1.26, 0.01, 1.53, 0.00, 0.33, 0.25, 0.95, 0.00, 0.00, 0.00, 0.00, 0.00, 0.00, 0.00, 0.00, 1.00, 0.00, 1.00, 0.00, 1.00, 0.00, 0.00, 0.00, 0.00, 0.00, 0.00
772,  0,  25.726,  0.98,  1, 0.00, 0.00, 0.00, 0.00, 0.38, 0.00, 0.08, 1.11, 0.42, 1.27, 0.04, 1.51, 0.00, 0.34, 0.17, 0.90, 0.00, 0.00, 0.00, 0.00, 0.00, 0.00, 0.00, 0.00, 1.00, 0.00, 1.00, 0.00, 1.00, 0.00, 0.00, 0.00, 0.00, 0.00, 0.00
773,  0,  25.759,  0.98,  1, 0.00, 0.00, 0.00, 0.00, 0.38, 0.00, 0.04, 1.05, 0.46, 1.33, 0.06, 1.53, 0.00, 0.35, 0.17, 0.79, 0.00, 0.00, 0.00, 0.00, 0.00, 0.00, 0.00, 0.00, 1.00, 0.00, 1.00, 0.00, 1.00, 0.00, 0.00, 0.00, 0.00, 0.00, 0.00
774,  0,  25.792,  0.98,  1, 0.00, 0.00, 0.00, 0.00, 0.45, 0.00, 0.03, 1.07, 0.48, 1.45, 0.12, 1.47, 0.00, 0.24, 0.10, 0.63, 0.00, 0.00, 0.00, 0.00, 0.00, 0.00, 0.00, 0.00, 1.00, 0.00, 1.00, 0.00, 1.00, 0.00, 0.00, 0.00, 0.00, 0.00, 0.00
775,  0,  25.826,  0.98,  1, 0.00, 0.00, 0.00, 0.00, 0.49, 0.00, 0.04, 1.20, 0.48, 1.49, 0.14, 1.38, 0.00, 0.12, 0.07, 0.54, 0.00, 0.00, 0.00, 0.00, 0.00, 0.00, 0.00, 0.00, 1.00, 0.00, 1.00, 0.00, 1.00, 0.00, 0.00, 0.00, 0.00, 0.00, 0.00
776,  0,  25.859,  0.98,  1, 0.00, 0.00, 0.00, 0.00, 0.51, 0.00, 0.04, 1.31, 0.46, 1.49, 0.14, 1.32, 0.00, 0.07, 0.01, 0.59, 0.00, 0.00, 0.00, 0.00, 0.00, 0.00, 0.00, 0.00, 1.00, 0.00, 1.00, 0.00, 1.00, 0.00, 0.00, 0.00, 0.00, 0.00, 0.00
777,  0,  25.893,  0.98,  1, 0.00, 0.00, 0.00, 0.00, 0.48, 0.00, 0.01, 1.29, 0.43, 1.45, 0.11, 1.36, 0.00, 0.15, 0.02, 0.67, 0.00, 0.00, 0.00, 0.00, 0.00, 0.00, 0.00, 0.00, 1.00, 0.00, 1.00, 0.00, 1.00, 0.00, 0.00, 0.00, 0.00, 0.00, 0.00
778,  0,  25.926,  0.98,  1, 0.00, 0.00, 0.00, 0.00, 0.46, 0.00, 0.00, 1.30, 0.36, 1.50, 0.17, 1.40, 0.00, 0.33, 0.11, 0.80, 0.00, 0.00, 0.00, 0.00, 0.00, 0.00, 0.00, 0.00, 1.00, 0.00, 1.00, 0.00, 1.00, 0.00, 0.00, 0.00, 0.00, 0.00, 0.00
779,  0,  25.959,  0.98,  1, 0.00, 0.00, 0.00, 0.00, 0.46, 0.00, 0.00, 1.29, 0.32, 1.55, 0.27, 1.41, 0.00, 0.42, 0.22, 0.79, 0.00, 0.00, 0.00, 0.00, 0.00, 0.00, 0.00, 0.00, 1.00, 0.00, 1.00, 0.00, 1.00, 0.00, 0.00, 0.00, 0.00, 0.00, 0.00
780,  0,  25.993,  0.98,  1, 0.00, 0.00, 0.00, 0.00, 0.46, 0.00, 0.00, 1.34, 0.34, 1.40, 0.39, 1.30, 0.00, 0.40, 0.23, 0.67, 0.00, 0.00, 0.00, 0.00, 0.00, 0.00, 0.00, 0.00, 1.00, 0.00, 1.00, 0.00, 1.00, 0.00, 0.00, 0.00, 0.00, 0.00, 0.00
781,  0,  26.026,  0.98,  1, 0.00, 0.00, 0.00, 0.00, 0.45, 0.00, 0.00, 1.35, 0.39, 1.18, 0.42, 1.18, 0.00, 0.29, 0.16, 0.48, 0.00, 0.00, 0.00, 0.00, 0.00, 0.00, 0.00, 0.00, 1.00, 0.00, 1.00, 0.00, 1.00, 0.00, 0.00, 0.00, 0.00, 0.00, 0.00
782,  0,  26.059,  0.98,  1, 0.00, 0.00, 0.00, 0.00, 0.53, 0.00, 0.11, 1.30, 0.42, 1.03, 0.30, 1.23, 0.00, 0.21, 0.04, 0.28, 0.17, 0.00, 0.00, 0.00, 0.00, 0.00, 0.00, 0.00, 1.00, 0.00, 1.00, 0.00, 1.00, 0.00, 0.00, 0.00, 0.00, 0.00, 0.00
783,  0,  26.093,  0.98,  1, 0.00, 0.00, 0.00, 0.00, 0.62, 0.00, 0.22, 1.21, 0.39, 1.13, 0.14, 1.38, 0.00, 0.26, 0.02, 0.22, 0.34, 0.00, 0.00, 0.00, 0.00, 0.00, 0.00, 0.00, 1.00, 0.00, 1.00, 0.00, 1.00, 0.00, 0.00, 0.00, 0.00, 0.00, 1.00
784,  0,  26.126,  0.98,  1, 0.00, 0.00, 0.00, 0.02, 0.65, 0.00, 0.22, 1.15, 0.34, 1.26, 0.04, 1.51, 0.00, 0.24, 0.00, 0.25, 0.86, 0.00, 0.00, 0.00, 1.00, 0.00, 0.00, 0.00, 1.00, 0.00, 1.00, 0.00, 1.00, 0.00, 0.00, 0.00, 0.00, 0.00, 1.00
785,  0,  26.159,  0.98,  1, 0.00, 0.00, 0.00, 0.04, 0.58, 0.00, 0.10, 1.16, 0.32, 1.37, 0.08, 1.51, 0.00, 0.19, 0.00, 0.31, 1.16, 0.00, 0.00, 0.00, 1.00, 0.00, 0.00, 0.00, 1.00, 0.00, 1.00, 0.00, 1.00, 0.00, 0.00, 0.00, 0.00, 0.00, 1.00
786,  0,  26.193,  0.98,  1, 0.00, 0.00, 0.00, 0.04, 0.52, 0.00, 0.08, 1.10, 0.29, 1.41, 0.08, 1.47, 0.00, 0.15, 0.00, 0.35, 1.21, 0.00, 0.00, 0.00, 1.00, 0.00, 0.00, 0.00, 1.00, 0.00, 1.00, 0.00, 1.00, 0.00, 0.00, 0.00, 0.00, 0.00, 1.00
787,  0,  26.226,  0.98,  1, 0.00, 0.00, 0.00, 0.02, 0.55, 0.00, 0.17, 1.06, 0.33, 1.44, 0.04, 1.45, 0.00, 0.13, 0.00, 0.28, 0.90, 0.00, 0.00, 0.00, 1.00, 0.00, 0.00, 0.00, 1.00, 0.00, 1.00, 0.00, 1.00, 0.00, 0.00, 0.00, 0.00, 0.00, 0.00
788,  0,  26.260,  0.98,  1, 0.00, 0.00, 0.00, 0.00, 0.57, 0.00, 0.22, 0.98, 0.32, 1.42, 0.00, 1.41, 0.00, 0.20, 0.00, 0.33, 0.46, 0.00, 0.00, 0.00, 0.00, 0.00, 0.00, 0.00, 1.00, 0.00, 1.00, 0.00, 1.00, 0.00, 0.00, 0.00, 0.00, 0.00, 0.00
789,  0,  26.293,  0.98,  1, 0.00, 0.00, 0.00, 0.00, 0.58, 0.00, 0.15, 0.99, 0.31, 1.37, 0.00, 1.42, 0.00, 0.25, 0.00, 0.43, 0.24, 0.00, 0.00, 0.00, 0.00, 0.00, 0.00, 0.00, 1.00, 0.00, 1.00, 0.00, 1.00, 0.00, 0.00, 0.00, 0.00, 0.00, 0.00
790,  0,  26.326,  0.98,  1, 0.00, 0.00, 0.00, 0.00, 0.56, 0.00, 0.06, 0.94, 0.30, 1.42, 0.02, 1.42, 0.00, 0.28, 0.03, 0.55, 0.23, 0.00, 0.00, 0.00, 0.00, 0.00, 0.00, 0.00, 1.00, 0.00, 1.00, 0.00, 1.00, 0.00, 0.00, 0.00, 0.00, 0.00, 0.00
791,  0,  26.360,  0.98,  1, 0.00, 0.00, 0.00, 0.00, 0.56, 0.00, 0.01, 0.97, 0.30, 1.49, 0.02, 1.40, 0.00, 0.21, 0.06, 0.59, 0.36, 0.00, 0.00, 0.00, 0.00, 0.00, 0.00, 0.00, 1.00, 0.00, 1.00, 0.00, 1.00, 0.00, 0.00, 0.00, 0.00, 0.00, 1.00
792,  0,  26.393,  0.98,  1, 0.03, 0.00, 0.00, 0.00, 0.50, 0.00, 0.05, 1.00, 0.32, 1.58, 0.02, 1.28, 0.00, 0.10, 0.14, 0.56, 1.15, 0.00, 0.00, 0.00, 0.00, 0.00, 0.00, 0.00, 1.00, 0.00, 1.00, 0.00, 1.00, 0.00, 0.00, 0.00, 0.00, 0.00, 1.00
793,  0,  26.426,  0.98,  1, 0.03, 0.00, 0.00, 0.00, 0.46, 0.00, 0.10, 1.06, 0.32, 1.60, 0.00, 1.24, 0.00, 0.05, 0.18, 0.62, 1.73, 0.00, 0.00, 0.00, 0.00, 0.00, 0.00, 0.00, 1.00, 0.00, 1.00, 0.00, 1.00, 0.00, 0.00, 0.00, 0.00, 0.00, 1.00
794,  0,  26.460,  0.98,  1, 0.03, 0.01, 0.00, 0.00, 0.50, 0.00, 0.24, 0.98, 0.34, 1.56, 0.00, 1.21, 0.00, 0.00, 0.26, 0.53, 2.26, 0.00, 0.00, 0.00, 0.00, 0.00, 0.00, 0.00, 1.00, 0.00, 1.00, 0.00, 1.00, 0.00, 0.00, 0.00, 0.00, 0.00, 1.00
795,  0,  26.493,  0.98,  1, 0.00, 0.02, 0.00, 0.00, 0.58, 0.00, 0.38, 0.91, 0.34, 1.60, 0.00, 1.25, 0.00, 0.00, 0.28, 0.48, 2.07, 0.00, 0.00, 0.00, 0.00, 0.00, 0.00, 0.00, 1.00, 0.00, 1.00, 0.00, 1.00, 0.00, 0.00, 0.00, 0.00, 0.00, 1.00
796,  0,  26.527,  0.98,  1, 0.01, 0.02, 0.00, 0.00, 0.64, 0.00, 0.39, 0.87, 0.32, 1.53, 0.00, 1.23, 0.00, 0.09, 0.25, 0.43, 1.48, 0.00, 0.00, 0.00, 0.00, 0.00, 0.00, 0.00, 1.00, 0.00, 1.00, 0.00, 1.00, 0.00, 0.00, 0.00, 0.00, 0.00, 1.00
797,  0,  26.560,  0.98,  1, 0.01, 0.01, 0.00, 0.00, 0.63, 0.00, 0.33, 0.93, 0.31, 1.50, 0.00, 1.17, 0.00, 0.14, 0.18, 0.53, 0.95, 0.00, 0.00, 0.00, 0.00, 0.00, 0.00, 0.00, 1.00, 0.00, 1.00, 0.00, 1.00, 0.00, 0.00, 0.00, 0.00, 0.00, 1.00
798,  0,  26.593,  0.98,  1, 0.01, 0.01, 0.00, 0.00, 0.56, 0.00, 0.28, 0.96, 0.31, 1.50, 0.00, 1.16, 0.00, 0.19, 0.08, 0.66, 0.36, 0.00, 0.00, 0.00, 0.00, 0.00, 0.00, 0.00, 1.00, 0.00, 1.00, 0.00, 1.00, 0.00, 0.00, 0.00, 0.00, 0.00, 1.00
799,  0,  26.627,  0.98,  1, 0.00, 0.00, 0.00, 0.00, 0.51, 0.00, 0.36, 0.92, 0.34, 1.58, 0.00, 1.19, 0.00, 0.16, 0.06, 0.78, 0.19, 0.00, 0.00, 0.00, 1.00, 0.00, 0.00, 0.00, 1.00, 0.00, 1.00, 0.00, 1.00, 0.00, 0.00, 0.00, 0.00, 0.00, 0.00
800,  0,  26.660,  0.98,  1, 0.00, 0.00, 0.00, 0.00, 0.49, 0.00, 0.30, 1.01, 0.39, 1.57, 0.00, 1.20, 0.00, 0.19, 0.02, 0.66, 0.03, 0.00, 0.00, 0.00, 1.00, 0.00, 0.00, 0.00, 1.00, 0.00, 1.00, 0.00, 1.00, 0.00, 0.00, 0.00, 0.00, 0.00, 0.00
801,  0,  26.693,  0.98,  1, 0.00, 0.00, 0.00, 0.00, 0.53, 0.00, 0.20, 1.08, 0.40, 1.46, 0.00, 1.16, 0.00, 0.23, 0.02, 0.52, 0.01, 0.00, 0.00, 0.00, 1.00, 0.00, 0.00, 0.00, 1.00, 0.00, 1.00, 0.00, 1.00, 0.00, 0.00, 0.00, 0.00, 0.00, 0.00
802,  0,  26.727,  0.98,  1, 0.00, 0.00, 0.00, 0.00, 0.55, 0.00, 0.06, 1.16, 0.40, 1.47, 0.00, 1.07, 0.00, 0.27, 0.00, 0.44, 0.02, 0.00, 0.00, 0.00, 1.00, 0.00, 0.00, 0.00, 1.00, 0.00, 1.00, 0.00, 1.00, 0.00, 0.00, 0.00, 0.00, 0.00, 0.00
803,  0,  26.760,  0.98,  1, 0.00, 0.00, 0.00, 0.00, 0.52, 0.00, 0.04, 1.14, 0.36, 1.55, 0.00, 0.99, 0.00, 0.28, 0.00, 0.52, 0.02, 0.00, 0.00, 0.00, 1.00, 0.00, 0.00, 0.00, 1.00, 0.00, 1.00, 0.00, 1.00, 0.00, 0.00, 0.00, 0.00, 0.00, 0.00
804,  0,  26.793,  0.98,  1, 0.00, 0.01, 0.00, 0.00, 0.52, 0.00, 0.05, 1.09, 0.34, 1.59, 0.00, 1.03, 0.00, 0.29, 0.00, 0.64, 0.02, 0.00, 0.00, 0.00, 1.00, 0.00, 0.00, 0.00, 1.00, 0.00, 1.00, 0.00, 0.00, 0.00, 0.00, 0.00, 0.00, 0.00, 0.00
805,  0,  26.827,  0.98,  1, 0.00, 0.01, 0.00, 0.00, 0.52, 0.00, 0.10, 1.05, 0.33, 1.52, 0.00, 1.10, 0.00, 0.29, 0.00, 0.61, 0.00, 0.00, 0.00, 0.00, 1.00, 0.00, 0.00, 0.00, 1.00, 0.00, 1.00, 0.00, 0.00, 0.00, 0.00, 0.00, 0.00, 0.00, 0.00
806,  0,  26.860,  0.98,  1, 0.00, 0.01, 0.00, 0.00, 0.51, 0.00, 0.09, 0.93, 0.36, 1.43, 0.00, 1.12, 0.00, 0.32, 0.00, 0.61, 0.00, 0.00, 0.00, 0.00, 1.00, 0.00, 0.00, 0.00, 1.00, 0.00, 1.00, 0.00, 0.00, 0.00, 0.00, 0.00, 0.00, 0.00, 0.00
807,  0,  26.894,  0.98,  1, 0.00, 0.00, 0.00, 0.00, 0.49, 0.00, 0.05, 0.85, 0.37, 1.34, 0.00, 1.06, 0.00, 0.36, 0.00, 0.60, 0.00, 0.00, 0.00, 0.00, 1.00, 0.00, 0.00, 0.00, 1.00, 0.00, 1.00, 0.00, 0.00, 0.00, 0.00, 0.00, 0.00, 0.00, 0.00
808,  0,  26.927,  0.98,  1, 0.00, 0.00, 0.00, 0.00, 0.45, 0.00, 0.00, 0.83, 0.44, 1.43, 0.00, 1.03, 0.00, 0.38, 0.06, 0.62, 0.00, 0.00, 0.00, 0.00, 1.00, 0.00, 0.00, 0.00, 1.00, 0.00, 1.00, 0.00, 0.00, 0.00, 0.00, 0.00, 0.00, 0.00, 0.00
809,  0,  26.960,  0.98,  1, 0.00, 0.00, 0.00, 0.00, 0.42, 0.00, 0.00, 0.91, 0.49, 1.56, 0.00, 1.04, 0.00, 0.37, 0.10, 0.65, 0.00, 0.00, 0.00, 0.00, 1.00, 0.00, 0.00, 0.00, 1.00, 0.00, 1.00, 0.00, 0.00, 0.00, 0.00, 0.00, 0.00, 0.00, 0.00
810,  0,  26.994,  0.98,  1, 0.00, 0.00, 0.00, 0.00, 0.34, 0.00, 0.00, 0.90, 0.48, 1.70, 0.00, 1.03, 0.00, 0.28, 0.10, 0.67, 0.00, 0.00, 0.00, 0.00, 1.00, 0.00, 0.00, 0.00, 1.00, 0.00, 1.00, 0.00, 0.00, 0.00, 0.00, 0.00, 0.00, 0.00, 0.00
811,  0,  27.027,  0.98,  1, 0.00, 0.00, 0.00, 0.00, 0.28, 0.00, 0.00, 0.83, 0.41, 1.69, 0.00, 1.01, 0.00, 0.24, 0.05, 0.67, 0.00, 0.00, 0.00, 0.00, 1.00, 0.00, 0.00, 0.00, 1.00, 0.00, 1.00, 0.00, 1.00, 0.00, 0.00, 0.00, 0.00, 0.00, 0.00
812,  0,  27.060,  0.98,  1, 0.00, 0.00, 0.00, 0.00, 0.28, 0.00, 0.00, 0.76, 0.33, 1.77, 0.02, 1.08, 0.00, 0.20, 0.00, 0.68, 0.00, 0.00, 0.00, 0.00, 1.00, 0.00, 0.00, 0.00, 1.00, 0.00, 1.00, 0.00, 1.00, 0.00, 0.00, 0.00, 0.00, 0.00, 0.00
813,  0,  27.094,  0.98,  1, 0.00, 0.00, 0.00, 0.00, 0.34, 0.00, 0.00, 0.74, 0.30, 1.85, 0.02, 1.15, 0.00, 0.23, 0.03, 0.70, 0.00, 0.00, 0.00, 0.00, 1.00, 0.00, 0.00, 0.00, 1.00, 0.00, 1.00, 0.00, 1.00, 0.00, 0.00, 0.00, 0.00, 0.00, 0.00
814,  0,  27.127,  0.98,  1, 0.00, 0.00, 0.00, 0.00, 0.41, 0.00, 0.00, 0.83, 0.30, 1.82, 0.02, 1.26, 0.00, 0.27, 0.03, 0.76, 0.00, 0.00, 0.00, 0.00, 1.00, 0.00, 0.00, 0.00, 1.00, 0.00, 1.00, 0.00, 1.00, 0.00, 0.00, 0.00, 0.00, 0.00, 0.00
815,  0,  27.160,  0.98,  1, 0.00, 0.00, 0.00, 0.00, 0.39, 0.00, 0.00, 0.86, 0.31, 1.68, 0.00, 1.32, 0.00, 0.31, 0.03, 0.75, 0.00, 0.00, 0.00, 0.00, 1.00, 0.00, 0.00, 0.00, 1.00, 0.00, 1.00, 0.00, 1.00, 0.00, 0.00, 0.00, 0.00, 0.00, 0.00
816,  0,  27.194,  0.98,  1, 0.00, 0.00, 0.00, 0.00, 0.34, 0.00, 0.00, 0.97, 0.32, 1.51, 0.06, 1.39, 0.00, 0.25, 0.03, 0.63, 0.00, 0.00, 0.00, 0.00, 1.00, 0.00, 0.00, 0.00, 1.00, 0.00, 1.00, 0.00, 1.00, 0.00, 0.00, 0.00, 0.00, 0.00, 0.00
817,  0,  27.227,  0.98,  1, 0.00, 0.00, 0.00, 0.00, 0.33, 0.00, 0.00, 0.96, 0.32, 1.46, 0.11, 1.42, 0.00, 0.17, 0.10, 0.54, 0.00, 0.00, 0.00, 0.00, 1.00, 0.00, 0.00, 0.00, 1.00, 0.00, 1.00, 0.00, 1.00, 0.00, 0.00, 0.00, 0.00, 0.00, 0.00
818,  0,  27.261,  0.98,  1, 0.00, 0.00, 0.00, 0.02, 0.34, 0.00, 0.00, 0.94, 0.29, 1.46, 0.11, 1.46, 0.00, 0.16, 0.17, 0.45, 0.00, 0.00, 0.00, 0.00, 1.00, 0.00, 0.00, 0.00, 1.00, 0.00, 1.00, 0.00, 1.00, 0.00, 0.00, 0.00, 0.00, 0.00, 0.00
819,  0,  27.294,  0.98,  1, 0.00, 0.00, 0.00, 0.02, 0.37, 0.00, 0.00, 0.91, 0.26, 1.51, 0.05, 1.46, 0.00, 0.24, 0.17, 0.45, 0.00, 0.00, 0.00, 0.00, 1.00, 0.00, 0.00, 0.00, 1.00, 0.00, 1.00, 0.00, 1.00, 0.00, 0.00, 0.00, 0.00, 0.00, 0.00
820,  0,  27.327,  0.98,  1, 0.00, 0.00, 0.00, 0.02, 0.37, 0.00, 0.00, 0.91, 0.24, 1.56, 0.06, 1.44, 0.00, 0.32, 0.14, 0.36, 0.00, 0.00, 0.00, 0.00, 1.00, 0.00, 0.00, 0.00, 1.00, 0.00, 1.00, 0.00, 1.00, 0.00, 0.00, 0.00, 0.00, 0.00, 0.00
821,  0,  27.361,  0.98,  1, 0.00, 0.03, 0.00, 0.00, 0.36, 0.00, 0.01, 0.96, 0.24, 1.54, 0.14, 1.41, 0.00, 0.31, 0.11, 0.29, 0.00, 0.00, 0.00, 0.00, 1.00, 0.00, 0.00, 0.00, 1.00, 0.00, 1.00, 0.00, 1.00, 0.00, 0.00, 0.00, 0.00, 0.00, 0.00
822,  0,  27.394,  0.98,  1, 0.00, 0.03, 0.00, 0.00, 0.36, 0.00, 0.03, 0.97, 0.27, 1.59, 0.20, 1.39, 0.00, 0.27, 0.10, 0.29, 0.00, 0.00, 0.00, 0.00, 1.00, 0.00, 0.00, 0.00, 1.00, 0.00, 1.00, 0.00, 1.00, 0.00, 0.00, 0.00, 0.00, 0.00, 0.00
823,  0,  27.427,  0.98,  1, 0.00, 0.03, 0.00, 0.00, 0.39, 0.00, 0.05, 0.96, 0.27, 1.62, 0.21, 1.41, 0.00, 0.25, 0.09, 0.39, 0.00, 0.00, 0.00, 0.00, 1.00, 0.00, 0.00, 0.00, 1.00, 0.00, 1.00, 0.00, 1.00, 0.00, 0.00, 0.00, 0.00, 0.00, 0.00
824,  0,  27.461,  0.98,  1, 0.00, 0.00, 0.00, 0.00, 0.37, 0.00, 0.08, 1.04, 0.21, 1.67, 0.16, 1.42, 0.00, 0.24, 0.09, 0.41, 0.00, 0.00, 0.00, 0.00, 1.00, 0.00, 0.00, 0.00, 1.00, 0.00, 1.00, 0.00, 1.00, 0.00, 0.00, 0.00, 0.00, 0.00, 0.00
825,  0,  27.494,  0.98,  1, 0.00, 0.00, 0.00, 0.00, 0.33, 0.00, 0.07, 1.13, 0.15, 1.57, 0.11, 1.44, 0.00, 0.27, 0.10, 0.36, 0.00, 0.00, 0.00, 0.00, 1.00, 0.00, 0.00, 0.00, 1.00, 0.00, 1.00, 0.00, 1.00, 0.00, 0.00, 0.00, 0.00, 0.00, 0.00
826,  0,  27.528,  0.98,  1, 0.00, 0.00, 0.00, 0.04, 0.31, 0.00, 0.09, 1.20, 0.13, 1.51, 0.03, 1.45, 0.00, 0.23, 0.19, 0.30, 0.00, 0.00, 0.00, 0.00, 1.00, 0.00, 0.00, 0.00, 1.00, 0.00, 1.00, 0.00, 1.00, 0.00, 0.00, 0.00, 0.00, 0.00, 0.00
827,  0,  27.561,  0.98,  1, 0.00, 0.00, 0.00, 0.06, 0.32, 0.00, 0.09, 1.16, 0.18, 1.51, 0.01, 1.44, 0.00, 0.18, 0.21, 0.31, 0.00, 0.00, 0.00, 0.00, 1.00, 0.00, 0.00, 0.00, 1.00, 0.00, 1.00, 0.00, 1.00, 0.00, 0.00, 0.00, 0.00, 0.00, 0.00
828,  0,  27.594,  0.98,  1, 0.00, 0.00, 0.00, 0.06, 0.35, 0.00, 0.10, 1.13, 0.23, 1.63, 0.06, 1.44, 0.00, 0.18, 0.27, 0.27, 0.00, 0.00, 0.00, 0.00, 1.00, 0.00, 0.00, 0.00, 1.00, 0.00, 1.00, 0.00, 1.00, 0.00, 0.00, 0.00, 0.00, 0.00, 0.00
829,  0,  27.628,  0.98,  1, 0.00, 0.00, 0.00, 0.02, 0.37, 0.00, 0.10, 1.06, 0.24, 1.71, 0.10, 1.40, 0.00, 0.25, 0.23, 0.25, 0.00, 0.00, 0.00, 0.00, 1.00, 0.00, 0.00, 0.00, 1.00, 0.00, 1.00, 0.00, 1.00, 0.00, 0.00, 0.00, 0.00, 0.00, 0.00
830,  0,  27.661,  0.98,  1, 0.00, 0.00, 0.00, 0.00, 0.40, 0.00, 0.13, 0.97, 0.19, 1.64, 0.13, 1.35, 0.00, 0.26, 0.16, 0.21, 0.00, 0.00, 0.00, 0.00, 1.00, 0.00, 0.00, 0.00, 1.00, 0.00, 1.00, 0.00, 1.00, 0.00, 0.00, 0.00, 0.00, 0.00, 0.00
831,  0,  27.694,  0.98,  1, 0.00, 0.00, 0.00, 0.00, 0.42, 0.00, 0.15, 0.86, 0.15, 1.50, 0.07, 1.33, 0.00, 0.21, 0.06, 0.24, 0.00, 0.00, 0.00, 0.00, 1.00, 0.00, 0.00, 0.00, 1.00, 0.00, 1.00, 0.00, 1.00, 0.00, 0.00, 0.00, 0.00, 0.00, 0.00
832,  0,  27.728,  0.98,  1, 0.00, 0.00, 0.00, 0.00, 0.42, 0.00, 0.12, 0.85, 0.12, 1.35, 0.04, 1.30, 0.00, 0.12, 0.00, 0.20, 0.00, 0.00, 0.00, 0.00, 1.00, 0.00, 0.00, 0.00, 1.00, 0.00, 1.00, 0.00, 1.00, 0.00, 0.00, 0.00, 0.00, 0.00, 0.00
833,  0,  27.761,  0.98,  1, 0.00, 0.00, 0.00, 0.00, 0.42, 0.00, 0.06, 0.87, 0.14, 1.33, 0.02, 1.33, 0.00, 0.10, 0.00, 0.19, 0.00, 0.00, 0.00, 0.00, 0.00, 0.00, 0.00, 0.00, 1.00, 0.00, 1.00, 0.00, 1.00, 0.00, 0.00, 0.00, 0.00, 0.00, 0.00
834,  0,  27.794,  0.98,  1, 0.00, 0.00, 0.00, 0.00, 0.40, 0.00, 0.01, 0.85, 0.14, 1.30, 0.12, 1.21, 0.00, 0.07, 0.02, 0.09, 0.00, 0.00, 0.00, 0.00, 0.00, 0.00, 0.00, 0.00, 1.00, 0.00, 1.00, 0.00, 1.00, 0.00, 0.00, 0.00, 0.00, 0.00, 0.00
835,  0,  27.828,  0.98,  1, 0.00, 0.00, 0.00, 0.00, 0.38, 0.00, 0.01, 0.80, 0.14, 1.25, 0.20, 1.12, 0.00, 0.08, 0.05, 0.04, 0.00, 0.00, 0.00, 0.00, 0.00, 0.00, 0.00, 0.00, 1.00, 0.00, 1.00, 0.00, 1.00, 0.00, 0.00, 0.00, 0.00, 0.00, 0.00
836,  0,  27.861,  0.98,  1, 0.00, 0.08, 0.00, 0.00, 0.41, 0.00, 0.07, 0.75, 0.12, 1.27, 0.21, 1.07, 0.11, 0.12, 0.05, 0.00, 0.00, 0.00, 0.00, 0.00, 1.00, 0.00, 0.00, 0.00, 1.00, 0.00, 1.00, 0.00, 1.00, 0.00, 0.00, 0.00, 0.00, 0.00, 0.00
837,  0,  27.895,  0.98,  1, 0.00, 0.09, 0.00, 0.00, 0.45, 0.00, 0.13, 0.81, 0.16, 1.35, 0.12, 1.14, 0.21, 0.16, 0.04, 0.00, 0.00, 0.00, 0.00, 0.00, 0.00, 0.00, 0.00, 0.00, 1.00, 0.00, 1.00, 0.00, 1.00, 0.00, 0.00, 0.00, 0.00, 0.00, 0.00
838,  0,  27.928,  0.98,  1, 0.00, 0.11, 0.00, 0.00, 0.42, 0.00, 0.14, 0.73, 0.11, 1.45, 0.24, 1.10, 0.21, 0.15, 0.03, 0.00, 0.00, 0.00, 0.00, 0.00, 0.00, 0.00, 0.00, 0.00, 1.00, 0.00, 1.00, 0.00, 0.00, 0.00, 0.00, 0.00, 0.00, 0.00, 0.00
839,  0,  27.961,  0.98,  1, 0.00, 0.03, 0.00, 0.00, 0.34, 0.00, 0.10, 0.68, 0.08, 1.49, 0.46, 1.01, 0.10, 0.12, 0.05, 0.00, 0.00, 0.00, 0.00, 0.00, 1.00, 0.00, 0.00, 0.00, 1.00, 0.00, 1.00, 0.00, 0.00, 0.00, 0.00, 0.00, 0.00, 0.00, 0.00
840,  0,  27.995,  0.98,  1, 0.00, 0.01, 0.00, 0.00, 0.31, 0.00, 0.05, 0.64, 0.04, 1.35, 0.55, 0.91, 0.00, 0.10, 0.14, 0.00, 0.00, 0.00, 0.00, 0.00, 1.00, 0.00, 0.00, 0.00, 1.00, 0.00, 1.00, 0.00, 0.00, 0.00, 0.00, 0.00, 0.00, 0.00, 0.00
841,  0,  28.028,  0.98,  1, 0.00, 0.00, 0.00, 0.00, 0.35, 0.00, 0.03, 0.74, 0.10, 1.19, 0.43, 0.91, 0.02, 0.15, 0.16, 0.00, 0.00, 0.00, 0.00, 0.00, 1.00, 0.00, 0.00, 0.00, 1.00, 0.00, 1.00, 0.00, 0.00, 0.00, 0.00, 0.00, 0.00, 0.00, 0.00
842,  0,  28.061,  0.98,  1, 0.00, 0.00, 0.00, 0.01, 0.40, 0.00, 0.01, 0.77, 0.10, 1.02, 0.20, 0.99, 0.09, 0.33, 0.19, 0.00, 0.00, 0.00, 0.00, 0.00, 1.00, 0.00, 0.00, 0.00, 1.00, 0.00, 1.00, 0.00, 0.00, 0.00, 0.00, 0.00, 0.00, 0.00, 0.00
843,  0,  28.095,  0.98,  1, 0.00, 0.00, 0.00, 0.01, 0.40, 0.00, 0.00, 0.77, 0.06, 0.99, 0.10, 1.07, 0.17, 0.50, 0.19, 0.00, 0.00, 0.00, 0.00, 0.00, 1.00, 0.00, 0.00, 0.00, 1.00, 0.00, 1.00, 0.00, 0.00, 0.00, 0.00, 0.00, 0.00, 0.00, 0.00
844,  0,  28.128,  0.98,  1, 0.00, 0.00, 0.00, 0.01, 0.37, 0.00, 0.00, 0.66, 0.03, 1.17, 0.02, 1.14, 0.17, 0.59, 0.22, 0.00, 0.00, 0.00, 0.00, 0.00, 1.00, 0.00, 0.00, 0.00, 1.00, 0.00, 1.00, 0.00, 0.00, 0.00, 0.00, 0.00, 0.00, 0.00, 0.00
845,  0,  28.161,  0.98,  1, 0.00, 0.00, 0.00, 0.00, 0.31, 0.00, 0.00, 0.57, 0.05, 1.39, 0.00, 1.10, 0.14, 0.54, 0.25, 0.00, 0.00, 0.00, 0.00, 0.00, 1.00, 0.00, 0.00, 0.00, 1.00, 0.00, 1.00, 0.00, 1.00, 0.00, 0.00, 0.00, 0.00, 0.00, 0.00
846,  0,  28.195,  0.98,  1, 0.00, 0.01, 0.00, 0.00, 0.31, 0.00, 0.01, 0.47, 0.08, 1.53, 0.04, 1.10, 0.05, 0.32, 0.20, 0.00, 0.24, 0.00, 0.00, 0.00, 1.00, 0.00, 0.00, 0.00, 1.00, 0.00, 1.00, 0.00, 1.00, 0.00, 0.00, 0.00, 0.00, 0.00, 0.00
847,  0,  28.228,  0.98,  1, 0.00, 0.01, 0.00, 0.12, 0.33, 0.00, 0.03, 0.47, 0.07, 1.49, 0.05, 1.13, 0.03, 0.16, 0.15, 0.00, 0.45, 0.00, 0.00, 0.00, 1.00, 0.00, 0.00, 0.00, 0.00, 0.00, 1.00, 0.00, 1.00, 0.00, 0.00, 0.00, 0.00, 0.00, 1.00
848,  0,  28.262,  0.98,  1, 0.03, 0.10, 0.00, 0.24, 0.36, 0.00, 0.03, 0.48, 0.09, 1.30, 0.05, 1.10, 0.00, 0.00, 0.13, 0.00, 1.18, 0.00, 0.00, 0.00, 1.00, 0.00, 0.00, 0.00, 0.00, 0.00, 1.00, 0.00, 1.00, 0.00, 0.00, 0.00, 0.00, 0.00, 1.00
849,  0,  28.295,  0.98,  1, 0.04, 0.15, 0.00, 0.39, 0.32, 0.00, 0.02, 0.47, 0.12, 1.19, 0.01, 1.07, 0.00, 0.00, 0.12, 0.00, 1.67, 0.00, 0.00, 0.00, 1.00, 0.00, 0.00, 0.00, 0.00, 0.00, 1.00, 0.00, 1.00, 0.00, 0.00, 0.00, 0.00, 0.00, 1.00
850,  0,  28.328,  0.98,  1, 0.06, 0.15, 0.00, 0.31, 0.30, 0.00, 0.00, 0.48, 0.18, 1.10, 0.00, 1.05, 0.04, 0.00, 0.13, 0.00, 1.90, 0.00, 0.00, 0.00, 1.00, 0.00, 0.00, 0.00, 0.00, 0.00, 1.00, 0.00, 1.00, 0.00, 0.00, 0.00, 0.00, 0.00, 1.00
851,  0,  28.362,  0.98,  1, 0.06, 0.10, 0.00, 0.25, 0.30, 0.00, 0.00, 0.48, 0.23, 1.12, 0.00, 1.08, 0.08, 0.00, 0.16, 0.00, 1.57, 0.00, 0.00, 0.00, 1.00, 0.00, 0.00, 0.00, 0.00, 0.00, 1.00, 0.00, 1.00, 0.00, 0.00, 0.00, 0.00, 0.00, 1.00
852,  0,  28.395,  0.98,  1, 0.05, 0.04, 0.00, 0.13, 0.38, 0.00, 0.00, 0.52, 0.23, 1.19, 0.00, 1.19, 0.17, 0.01, 0.24, 0.00, 1.14, 0.00, 0.00, 0.00, 0.00, 0.00, 0.00, 0.00, 1.00, 0.00, 1.00, 0.00, 1.00, 0.00, 0.00, 0.00, 0.00, 0.00, 1.00
853,  0,  28.428,  0.98,  1, 0.03, 0.03, 0.00, 0.12, 0.42, 0.00, 0.00, 0.52, 0.20, 1.23, 0.00, 1.27, 0.21, 0.04, 0.32, 0.00, 1.02, 0.00, 0.00, 0.00, 0.00, 0.00, 0.00, 0.00, 1.00, 0.00, 1.00, 0.00, 1.00, 0.00, 0.00, 0.00, 0.00, 0.00, 1.00
854,  0,  28.462,  0.98,  1, 0.00, 0.00, 0.00, 0.05, 0.48, 0.00, 0.05, 0.56, 0.18, 1.28, 0.00, 1.37, 0.22, 0.11, 0.26, 0.06, 0.79, 0.00, 0.00, 0.00, 0.00, 0.00, 0.00, 0.00, 1.00, 0.00, 1.00, 0.00, 1.00, 0.00, 0.00, 0.00, 0.00, 0.00, 0.00
855,  0,  28.495,  0.98,  1, 0.00, 0.05, 0.00, 0.03, 0.48, 0.00, 0.09, 0.56, 0.20, 1.30, 0.00, 1.36, 0.15, 0.17, 0.20, 0.15, 0.62, 0.00, 0.00, 0.00, 0.00, 0.00, 0.00, 0.00, 1.00, 0.00, 1.00, 0.00, 1.00, 0.00, 0.00, 0.00, 0.00, 0.00, 0.00
856,  0,  28.529,  0.98,  1, 0.00, 0.16, 0.00, 0.01, 0.49, 0.00, 0.11, 0.52, 0.18, 1.26, 0.07, 1.35, 0.07, 0.15, 0.16, 0.17, 0.56, 0.00, 0.00, 0.00, 0.00, 0.00, 0.00, 0.00, 1.00, 0.00, 1.00, 0.00, 1.00, 0.00, 0.00, 0.00, 0.00, 0.00, 0.00
857,  0,  28.562,  0.98,  1, 0.00, 0.26, 0.00, 0.01, 0.48, 0.00, 0.08, 0.48, 0.12, 1.21, 0.10, 1.30, 0.02, 0.07, 0.19, 0.12, 0.67, 0.00, 0.00, 0.00, 0.00, 0.00, 0.00, 0.00, 1.00, 0.00, 1.00, 0.00, 1.00, 0.00, 0.00, 0.00, 0.00, 0.00, 0.00
858,  0,  28.595,  0.98,  1, 0.04, 0.27, 0.00, 0.09, 0.45, 0.00, 0.04, 0.51, 0.05, 1.20, 0.10, 1.29, 0.08, 0.08, 0.15, 0.03, 0.64, 0.00, 0.00, 0.00, 0.00, 0.00, 0.00, 0.00, 1.00, 0.00, 1.00, 0.00, 1.00, 0.00, 0.00, 0.00, 0.00, 0.00, 0.00
859,  0,  28.629,  0.98,  1, 0.11, 0.28, 0.00, 0.15, 0.46, 0.00, 0.03, 0.56, 0.03, 1.27, 0.03, 1.32, 0.12, 0.16, 0.11, 0.01, 0.51, 0.00, 0.00, 0.00, 0.00, 0.00, 0.00, 0.00, 1.00, 0.00, 1.00, 0.00, 1.00, 0.00, 0.00, 0.00, 0.00, 0.00, 0.00
860,  0,  28.662,  0.98,  1, 0.13, 0.29, 0.00, 0.17, 0.45, 0.00, 0.07, 0.75, 0.04, 1.27, 0.00, 1.41, 0.12, 0.20, 0.05, 0.01, 0.29, 0.00, 0.00, 0.00, 0.00, 0.00, 0.00, 0.00, 1.00, 0.00, 1.00, 0.00, 1.00, 0.00, 0.00, 0.00, 0.00, 0.00, 0.00
861,  0,  28.695,  0.98,  1, 0.09, 0.33, 0.00, 0.08, 0.48, 0.00, 0.10, 0.88, 0.09, 1.22, 0.00, 1.47, 0.04, 0.16, 0.05, 0.04, 0.25, 0.00, 0.00, 0.00, 0.00, 0.00, 0.00, 0.00, 1.00, 0.00, 1.00, 0.00, 1.00, 0.00, 0.00, 0.00, 0.00, 0.00, 0.00
862,  0,  28.729,  0.98,  1, 0.04, 0.25, 0.00, 0.02, 0.47, 0.00, 0.20, 0.87, 0.13, 1.23, 0.00, 1.36, 0.00, 0.08, 0.04, 0.04, 0.24, 0.00, 0.00, 0.00, 0.00, 0.00, 0.00, 0.00, 1.00, 0.00, 1.00, 0.00, 1.00, 0.00, 0.00, 0.00, 0.00, 0.00, 0.00
863,  0,  28.762,  0.98,  1, 0.02, 0.17, 0.00, 0.00, 0.47, 0.00, 0.22, 0.71, 0.13, 1.34, 0.01, 1.23, 0.00, 0.03, 0.08, 0.04, 0.22, 0.00, 0.00, 0.00, 0.00, 0.00, 0.00, 0.00, 1.00, 0.00, 1.00, 0.00, 1.00, 0.00, 0.00, 0.00, 0.00, 0.00, 0.00
864,  0,  28.795,  0.98,  1, 0.02, 0.08, 0.00, 0.00, 0.45, 0.00, 0.18, 0.57, 0.14, 1.33, 0.01, 1.15, 0.00, 0.03, 0.21, 0.02, 0.18, 0.00, 0.00, 0.00, 0.00, 0.00, 0.00, 0.00, 1.00, 0.00, 1.00, 0.00, 1.00, 0.00, 0.00, 0.00, 0.00, 0.00, 0.00
865,  0,  28.829,  0.98,  1, 0.00, 0.04, 0.00, 0.00, 0.46, 0.00, 0.10, 0.62, 0.14, 1.23, 0.01, 1.23, 0.01, 0.06, 0.27, 0.02, 0.13, 0.00, 0.00, 0.00, 1.00, 0.00, 0.00, 0.00, 1.00, 0.00, 1.00, 0.00, 1.00, 0.00, 0.00, 0.00, 0.00, 0.00, 0.00
866,  0,  28.862,  0.98,  1, 0.00, 0.00, 0.00, 0.00, 0.43, 0.00, 0.02, 0.71, 0.17, 1.17, 0.04, 1.29, 0.01, 0.08, 0.38, 0.09, 0.07, 0.00, 0.00, 0.00, 1.00, 0.00, 0.00, 0.00, 1.00, 0.00, 1.00, 0.00, 1.00, 0.00, 0.00, 0.00, 0.00, 0.00, 0.00
867,  0,  28.896,  0.98,  1, 0.00, 0.00, 0.00, 0.00, 0.39, 0.00, 0.02, 0.78, 0.20, 1.18, 0.10, 1.35, 0.01, 0.07, 0.42, 0.17, 0.04, 0.00, 0.00, 0.00, 1.00, 0.00, 0.00, 0.00, 1.00, 0.00, 1.00, 0.00, 1.00, 0.00, 0.00, 0.00, 0.00, 0.00, 0.00
868,  0,  28.929,  0.98,  1, 0.00, 0.05, 0.00, 0.00, 0.35, 0.00, 0.04, 0.73, 0.17, 1.34, 0.10, 1.39, 0.03, 0.13, 0.37, 0.18, 0.02, 0.00, 0.00, 0.00, 1.00, 0.00, 0.00, 0.00, 1.00, 0.00, 1.00, 0.00, 1.00, 0.00, 0.00, 0.00, 0.00, 0.00, 0.00
869,  0,  28.962,  0.98,  1, 0.02, 0.10, 0.00, 0.00, 0.36, 0.00, 0.06, 0.64, 0.11, 1.47, 0.06, 1.43, 0.03, 0.22, 0.27, 0.14, 0.07, 0.00, 0.00, 0.00, 1.00, 0.00, 0.00, 0.00, 1.00, 0.00, 1.00, 0.00, 1.00, 0.00, 0.00, 0.00, 0.00, 0.00, 0.00
870,  0,  28.996,  0.98,  1, 0.02, 0.10, 0.00, 0.00, 0.39, 0.00, 0.06, 0.63, 0.08, 1.55, 0.05, 1.41, 0.03, 0.21, 0.21, 0.14, 0.11, 0.00, 0.00, 0.00, 1.00, 0.00, 0.00, 0.00, 1.00, 0.00, 1.00, 0.00, 1.00, 0.00, 0.00, 0.00, 0.00, 0.00, 0.00
871,  0,  29.029,  0.98,  1, 0.01, 0.05, 0.00, 0.00, 0.44, 0.00, 0.02, 0.74, 0.12, 1.48, 0.08, 1.38, 0.00, 0.11, 0.27, 0.24, 0.13, 0.00, 0.00, 0.00, 1.00, 0.00, 0.00, 0.00, 1.00, 0.00, 1.00, 0.00, 1.00, 0.00, 0.00, 0.00, 0.00, 0.00, 0.00
872,  0,  29.062,  0.98,  1, 0.00, 0.00, 0.00, 0.06, 0.51, 0.00, 0.03, 0.86, 0.15, 1.41, 0.15, 1.40, 0.02, 0.01, 0.29, 0.20, 0.14, 0.00, 0.00, 0.00, 1.00, 0.00, 0.00, 0.00, 1.00, 0.00, 1.00, 0.00, 1.00, 0.00, 0.00, 0.00, 0.00, 0.00, 0.00
873,  0,  29.096,  0.98,  1, 0.00, 0.00, 0.00, 0.11, 0.55, 0.00, 0.04, 0.92, 0.14, 1.40, 0.17, 1.45, 0.04, 0.02, 0.29, 0.11, 0.18, 0.00, 0.00, 0.00, 1.00, 0.00, 0.00, 0.00, 1.00, 0.00, 1.00, 0.00, 1.00, 0.00, 0.00, 0.00, 0.00, 0.00, 0.00
874,  0,  29.129,  0.98,  1, 0.00, 0.00, 0.00, 0.22, 0.55, 0.00, 0.04, 0.86, 0.14, 1.35, 0.19, 1.42, 0.06, 0.02, 0.33, 0.11, 0.21, 0.00, 0.00, 0.00, 1.00, 0.00, 0.00, 0.00, 1.00, 0.00, 1.00, 0.00, 1.00, 0.00, 0.00, 0.00, 0.00, 0.00, 0.00
875,  0,  29.162,  0.98,  1, 0.00, 0.00, 0.00, 0.29, 0.51, 0.00, 0.02, 0.79, 0.16, 1.29, 0.14, 1.32, 0.04, 0.01, 0.36, 0.22, 0.21, 0.00, 0.00, 0.00, 1.00, 0.00, 0.00, 0.00, 1.00, 0.00, 1.00, 0.00, 1.00, 0.00, 0.00, 0.00, 0.00, 0.00, 0.00
876,  0,  29.196,  0.98,  1, 0.00, 0.00, 0.00, 0.24, 0.49, 0.00, 0.00, 0.68, 0.17, 1.30, 0.12, 1.23, 0.02, 0.02, 0.25, 0.22, 0.29, 0.00, 0.00, 0.00, 1.00, 0.00, 0.00, 0.00, 1.00, 0.00, 1.00, 0.00, 1.00, 0.00, 0.00, 0.00, 0.00, 0.00, 0.00
877,  0,  29.229,  0.98,  1, 0.00, 0.00, 0.00, 0.13, 0.53, 0.00, 0.00, 0.67, 0.16, 1.36, 0.09, 1.26, 0.05, 0.03, 0.12, 0.13, 0.41, 0.00, 0.00, 0.00, 0.00, 0.00, 0.00, 0.00, 1.00, 0.00, 1.00, 0.00, 1.00, 0.00, 0.00, 0.00, 0.00, 0.00, 0.00
878,  0,  29.263,  0.98,  1, 0.00, 0.00, 0.00, 0.00, 0.53, 0.00, 0.04, 0.66, 0.17, 1.35, 0.22, 1.20, 0.05, 0.06, 0.10, 0.12, 0.45, 0.00, 0.00, 0.00, 0.00, 0.00, 0.00, 0.00, 1.00, 0.00, 1.00, 0.00, 1.00, 0.00, 0.00, 0.00, 0.00, 0.00, 0.00
879,  0,  29.296,  0.98,  1, 0.00, 0.00, 0.00, 0.00, 0.54, 0.00, 0.09, 0.70, 0.18, 1.26, 0.33, 1.14, 0.05, 0.05, 0.19, 0.24, 0.35, 0.00, 0.00, 0.00, 0.00, 0.00, 0.00, 0.00, 1.00, 0.00, 1.00, 0.00, 1.00, 0.00, 0.00, 0.00, 0.00, 0.00, 0.00
880,  0,  29.329,  0.98,  1, 0.00, 0.00, 0.00, 0.00, 0.47, 0.00, 0.09, 0.71, 0.16, 1.11, 0.51, 1.14, 0.00, 0.05, 0.19, 0.27, 0.17, 0.00, 0.00, 0.00, 0.00, 0.00, 0.00, 0.00, 1.00, 0.00, 1.00, 0.00, 1.00, 0.00, 0.00, 0.00, 0.00, 0.00, 0.00
881,  0,  29.363,  0.98,  1, 0.00, 0.00, 0.00, 0.00, 0.47, 0.00, 0.05, 0.75, 0.14, 1.03, 0.58, 1.22, 0.03, 0.03, 0.08, 0.24, 0.07, 0.00, 0.00, 0.00, 0.00, 0.00, 0.00, 0.00, 1.00, 0.00, 1.00, 0.00, 1.00, 0.00, 0.00, 0.00, 0.00, 0.00, 0.00
882,  0,  29.396,  0.98,  1, 0.00, 0.00, 0.00, 0.00, 0.42, 0.00, 0.00, 0.86, 0.13, 1.02, 0.49, 1.30, 0.03, 0.07, 0.06, 0.15, 0.10, 0.00, 0.00, 0.00, 0.00, 0.00, 0.00, 0.00, 1.00, 0.00, 1.00, 0.00, 1.00, 0.00, 0.00, 0.00, 0.00, 0.00, 0.00
883,  0,  29.429,  0.98,  1, 0.00, 0.00, 0.00, 0.00, 0.42, 0.00, 0.02, 0.95, 0.14, 1.06, 0.38, 1.27, 0.03, 0.10, 0.12, 0.14, 0.21, 0.00, 0.00, 0.00, 0.00, 0.00, 0.00, 0.00, 1.00, 0.00, 1.00, 0.00, 1.00, 0.00, 0.00, 0.00, 0.00, 0.00, 0.00
884,  0,  29.463,  0.98,  1, 0.00, 0.00, 0.00, 0.06, 0.38, 0.00, 0.02, 0.94, 0.14, 0.99, 0.32, 1.27, 0.01, 0.12, 0.18, 0.13, 0.21, 0.00, 0.00, 0.00, 0.00, 0.00, 0.00, 0.00, 1.00, 0.00, 1.00, 0.00, 1.00, 0.00, 0.00, 0.00, 0.00, 0.00, 0.00
885,  0,  29.496,  0.98,  1, 0.00, 0.00, 0.00, 0.15, 0.37, 0.00, 0.02, 0.86, 0.13, 0.88, 0.46, 1.30, 0.04, 0.08, 0.20, 0.16, 0.11, 0.00, 0.00, 0.00, 0.00, 0.00, 0.00, 0.00, 1.00, 0.00, 1.00, 0.00, 1.00, 0.00, 0.00, 0.00, 0.00, 0.00, 0.00
886,  0,  29.530,  0.98,  1, 0.00, 0.04, 0.00, 0.15, 0.33, 0.00, 0.01, 0.77, 0.14, 0.93, 0.46, 1.34, 0.04, 0.04, 0.20, 0.26, 0.08, 0.00, 0.00, 0.00, 1.00, 0.00, 0.00, 0.00, 1.00, 0.00, 1.00, 0.00, 1.00, 0.00, 0.00, 0.00, 0.00, 0.00, 0.00
887,  0,  29.563,  0.98,  1, 0.00, 0.07, 0.00, 0.09, 0.34, 0.00, 0.03, 0.75, 0.18, 1.12, 0.41, 1.30, 0.03, 0.02, 0.15, 0.26, 0.08, 0.00, 0.00, 0.00, 1.00, 0.00, 0.00, 0.00, 1.00, 0.00, 1.00, 0.00, 1.00, 0.00, 0.00, 0.00, 0.00, 0.00, 0.00
888,  0,  29.596,  0.98,  1, 0.00, 0.07, 0.00, 0.07, 0.37, 0.00, 0.05, 0.82, 0.20, 1.18, 0.30, 1.20, 0.00, 0.01, 0.14, 0.20, 0.08, 0.00, 0.00, 0.00, 1.00, 0.00, 0.00, 0.00, 1.00, 0.00, 1.00, 0.00, 0.00, 0.00, 0.00, 0.00, 0.00, 0.00, 0.00
889,  0,  29.630,  0.98,  1, 0.00, 0.03, 0.00, 0.13, 0.41, 0.00, 0.06, 0.88, 0.17, 1.11, 0.29, 1.11, 0.00, 0.01, 0.13, 0.06, 0.00, 0.00, 0.00, 0.00, 0.00, 0.00, 0.00, 0.00, 1.00, 0.00, 1.00, 0.00, 0.00, 0.00, 0.00, 0.00, 0.00, 0.00, 0.00
890,  0,  29.663,  0.98,  1, 0.00, 0.00, 0.00, 0.19, 0.42, 0.00, 0.03, 1.00, 0.21, 1.11, 0.32, 1.00, 0.00, 0.00, 0.17, 0.06, 0.00, 0.00, 0.00, 0.00, 0.00, 0.00, 0.00, 0.00, 1.00, 0.00, 1.00, 0.00, 0.00, 0.00, 0.00, 0.00, 0.00, 0.00, 0.00
891,  0,  29.696,  0.98,  1, 0.00, 0.00, 0.00, 0.20, 0.41, 0.00, 0.02, 1.04, 0.26, 1.25, 0.37, 0.92, 0.00, 0.00, 0.13, 0.08, 0.02, 0.00, 0.00, 0.00, 0.00, 0.00, 0.00, 0.00, 1.00, 0.00, 1.00, 0.00, 0.00, 0.00, 0.00, 0.00, 0.00, 0.00, 0.00
892,  0,  29.730,  0.98,  1, 0.00, 0.00, 0.00, 0.15, 0.39, 0.00, 0.05, 0.98, 0.29, 1.37, 0.30, 0.95, 0.00, 0.00, 0.08, 0.11, 0.07, 0.00, 0.00, 0.00, 0.00, 0.00, 0.00, 0.00, 1.00, 0.00, 1.00, 0.00, 0.00, 0.00, 0.00, 0.00, 0.00, 0.00, 0.00
893,  0,  29.763,  0.98,  1, 0.00, 0.00, 0.00, 0.08, 0.39, 0.00, 0.11, 0.89, 0.24, 1.39, 0.15, 1.10, 0.03, 0.00, 0.02, 0.05, 0.18, 0.00, 0.00, 0.00, 0.00, 0.00, 0.00, 0.00, 1.00, 0.00, 1.00, 0.00, 1.00, 0.00, 0.00, 0.00, 0.00, 0.00, 0.00
894,  0,  29.796,  0.98,  1, 0.00, 0.00, 0.00, 0.04, 0.40, 0.00, 0.15, 0.87, 0.21, 1.34, 0.15, 1.20, 0.03, 0.01, 0.04, 0.09, 0.29, 0.00, 0.00, 0.00, 0.00, 0.00, 0.00, 0.00, 1.00, 0.00, 1.00, 0.00, 1.00, 0.00, 0.00, 0.00, 0.00, 0.00, 0.00
895,  0,  29.830,  0.98,  1, 0.00, 0.00, 0.00, 0.04, 0.43, 0.00, 0.13, 1.00, 0.23, 1.36, 0.24, 1.17, 0.03, 0.02, 0.04, 0.11, 0.33, 0.00, 0.00, 0.00, 0.00, 0.00, 0.00, 0.00, 1.00, 0.00, 1.00, 0.00, 1.00, 0.00, 0.00, 0.00, 0.00, 0.00, 0.00
896,  0,  29.863,  0.98,  1, 0.00, 0.00, 0.00, 0.04, 0.40, 0.00, 0.07, 1.06, 0.22, 1.15, 0.36, 1.18, 0.00, 0.01, 0.13, 0.20, 0.36, 0.00, 0.00, 0.00, 0.00, 0.00, 0.00, 0.00, 1.00, 0.00, 1.00, 0.00, 1.00, 0.00, 0.00, 0.00, 0.00, 0.00, 0.00
897,  0,  29.897,  0.98,  1, 0.00, 0.00, 0.00, 0.00, 0.38, 0.00, 0.03, 1.02, 0.20, 0.97, 0.34, 1.20, 0.00, 0.01, 0.19, 0.24, 0.35, 0.00, 0.00, 0.00, 0.00, 0.00, 0.00, 0.00, 1.00, 0.00, 1.00, 0.00, 1.00, 0.00, 0.00, 0.00, 0.00, 0.00, 0.00
898,  0,  29.930,  0.98,  1, 0.00, 0.08, 0.00, 0.00, 0.30, 0.00, 0.00, 0.89, 0.21, 0.95, 0.26, 1.22, 0.00, 0.00, 0.30, 0.21, 0.95, 0.00, 0.00, 0.00, 0.00, 0.00, 0.00, 0.00, 1.00, 0.00, 1.00, 0.00, 1.00, 0.00, 0.00, 0.00, 0.00, 0.00, 0.00
899,  0,  29.963,  0.98,  1, 0.00, 0.13, 0.00, 0.00, 0.25, 0.00, 0.03, 0.85, 0.25, 1.18, 0.14, 1.23, 0.00, 0.00, 0.28, 0.11, 1.47, 0.00, 0.00, 0.00, 0.00, 0.00, 0.00, 0.00, 1.00, 0.00, 1.00, 0.00, 0.00, 0.00, 0.00, 0.00, 0.00, 0.00, 1.00
900,  0,  29.997,  0.98,  1, 0.00, 0.13, 0.00, 0.13, 0.17, 0.00, 0.03, 0.85, 0.23, 1.33, 0.15, 1.10, 0.03, 0.00, 0.30, 0.02, 2.09, 0.00, 0.00, 0.00, 0.00, 0.00, 0.00, 0.00, 1.00, 0.00, 1.00, 0.00, 0.00, 0.00, 0.00, 0.00, 0.00, 0.00, 1.00
901,  0,  30.030,  0.98,  1, 0.00, 0.05, 0.00, 0.16, 0.13, 0.00, 0.03, 0.89, 0.16, 1.31, 0.29, 1.04, 0.07, 0.00, 0.33, 0.00, 2.11, 0.00, 0.00, 0.00, 0.00, 0.00, 0.00, 0.00, 1.00, 0.00, 1.00, 0.00, 0.00, 0.00, 0.00, 0.00, 0.00, 0.00, 1.00
902,  0,  30.063,  0.98,  1, 0.02, 0.00, 0.00, 0.18, 0.24, 0.00, 0.09, 0.88, 0.09, 1.22, 0.31, 0.92, 0.07, 0.00, 0.53, 0.05, 1.91, 0.00, 0.00, 0.00, 0.00, 0.00, 0.00, 0.00, 1.00, 0.00, 1.00, 0.00, 0.00, 0.00, 0.00, 0.00, 0.00, 0.00, 1.00
903,  0,  30.097,  0.98,  1, 0.03, 0.00, 0.00, 0.05, 0.35, 0.00, 0.17, 0.85, 0.13, 1.24, 0.25, 0.98, 0.03, 0.00, 0.63, 0.16, 1.55, 0.00, 0.00, 0.00, 0.00, 0.00, 0.00, 0.00, 1.00, 0.00, 1.00, 0.00, 0.00, 0.00, 0.00, 0.00, 0.00, 0.00, 1.00
904,  0,  30.130,  0.98,  1, 0.03, 0.00, 0.00, 0.02, 0.51, 0.00, 0.22, 0.82, 0.14, 1.23, 0.11, 0.98, 0.03, 0.00, 0.60, 0.18, 1.21, 0.00, 0.00, 0.00, 0.00, 0.00, 0.00, 0.00, 1.00, 0.00, 1.00, 0.00, 0.00, 0.00, 0.00, 0.00, 0.00, 0.00, 1.00
905,  0,  30.163,  0.98,  1, 0.01, 0.00, 0.00, 0.00, 0.55, 0.00, 0.18, 0.80, 0.13, 1.26, 0.15, 0.98, 0.08, 0.00, 0.46, 0.16, 1.06, 0.00, 0.00, 0.00, 0.00, 0.00, 0.00, 0.00, 1.00, 0.00, 1.00, 0.00, 0.00, 0.00, 0.00, 0.00, 0.00, 0.00, 1.00
906,  0,  30.197,  0.98,  1, 0.00, 0.00, 0.00, 0.00, 0.59, 0.00, 0.11, 0.83, 0.16, 1.32, 0.13, 1.11, 0.18, 0.00, 0.34, 0.09, 0.77, 0.00, 0.00, 0.00, 0.00, 0.00, 0.00, 0.00, 1.00, 0.00, 1.00, 0.00, 0.00, 0.00, 0.00, 0.00, 0.00, 0.00, 1.00
907,  0,  30.230,  0.98,  1, 0.00, 0.00, 0.00, 0.00, 0.56, 0.00, 0.06, 0.88, 0.22, 1.37, 0.18, 1.26, 0.21, 0.00, 0.37, 0.10, 0.50, 0.00, 0.00, 0.00, 1.00, 0.00, 0.00, 0.00, 1.00, 0.00, 1.00, 0.00, 1.00, 0.00, 0.00, 0.00, 0.00, 0.00, 1.00
908,  0,  30.264,  0.98,  1, 0.00, 0.00, 0.00, 0.00, 0.58, 0.00, 0.04, 1.01, 0.26, 1.28, 0.23, 1.36, 0.16, 0.00, 0.35, 0.07, 0.35, 0.00, 0.00, 0.00, 1.00, 0.00, 0.00, 0.00, 1.00, 0.00, 1.00, 0.00, 1.00, 0.00, 0.00, 0.00, 0.00, 0.00, 1.00
909,  0,  30.297,  0.98,  1, 0.00, 0.00, 0.00, 0.00, 0.59, 0.00, 0.06, 1.08, 0.23, 1.18, 0.30, 1.34, 0.08, 0.00, 0.34, 0.03, 0.36, 0.00, 0.00, 0.00, 1.00, 0.00, 0.00, 0.00, 1.00, 0.00, 1.00, 0.00, 1.00, 0.00, 0.00, 0.00, 0.00, 0.00, 1.00
910,  0,  30.330,  0.98,  1, 0.00, 0.00, 0.00, 0.00, 0.57, 0.00, 0.05, 1.07, 0.20, 1.07, 0.30, 1.31, 0.06, 0.00, 0.34, 0.01, 0.42, 0.00, 0.00, 0.00, 1.00, 0.00, 0.00, 0.00, 1.00, 0.00, 1.00, 0.00, 1.00, 0.00, 0.00, 0.00, 0.00, 0.00, 1.00
911,  0,  30.364,  0.98,  1, 0.00, 0.00, 0.00, 0.00, 0.51, 0.00, 0.03, 0.96, 0.21, 1.14, 0.23, 1.32, 0.06, 0.00, 0.35, 0.01, 0.36, 0.00, 0.00, 0.00, 1.00, 0.00, 0.00, 0.00, 1.00, 0.00, 1.00, 0.00, 1.00, 0.00, 0.00, 0.00, 0.00, 0.00, 1.00
912,  0,  30.397,  0.98,  1, 0.00, 0.00, 0.00, 0.00, 0.45, 0.00, 0.10, 0.88, 0.20, 1.17, 0.12, 1.32, 0.05, 0.01, 0.34, 0.00, 0.36, 0.00, 0.00, 0.00, 1.00, 0.00, 0.00, 0.00, 1.00, 0.00, 1.00, 0.00, 1.00, 0.00, 0.00, 0.00, 0.00, 0.00, 1.00
913,  0,  30.430,  0.98,  1, 0.00, 0.00, 0.00, 0.00, 0.46, 0.00, 0.21, 0.94, 0.19, 1.24, 0.03, 1.34, 0.04, 0.02, 0.28, 0.00, 0.28, 0.00, 0.00, 0.00, 1.00, 0.00, 0.00, 0.00, 1.00, 0.00, 1.00, 0.00, 1.00, 0.00, 0.00, 0.00, 0.00, 0.00, 1.00
914,  0,  30.464,  0.98,  1, 0.00, 0.00, 0.00, 0.00, 0.50, 0.00, 0.21, 0.96, 0.21, 1.17, 0.00, 1.26, 0.04, 0.07, 0.33, 0.00, 0.28, 0.00, 0.00, 0.00, 1.00, 0.00, 0.00, 0.00, 1.00, 0.00, 1.00, 0.00, 1.00, 0.00, 0.00, 0.00, 0.00, 0.00, 1.00
915,  0,  30.497,  0.98,  1, 0.00, 0.00, 0.00, 0.00, 0.55, 0.00, 0.11, 0.96, 0.26, 1.09, 0.00, 1.16, 0.02, 0.11, 0.40, 0.00, 0.29, 0.00, 0.00, 0.00, 1.00, 0.00, 0.00, 0.00, 1.00, 0.00, 1.00, 0.00, 0.00, 0.00, 0.00, 0.00, 0.00, 0.00, 1.00
916,  0,  30.531,  0.98,  1, 0.00, 0.00, 0.00, 0.00, 0.55, 0.00, 0.00, 0.84, 0.26, 0.99, 0.04, 0.97, 0.03, 0.10, 0.39, 0.00, 0.34, 0.00, 0.00, 0.00, 1.00, 0.00, 0.00, 0.00, 1.00, 0.00, 1.00, 0.00, 0.00, 0.00, 0.00, 0.00, 0.00, 0.00, 1.00
917,  0,  30.564,  0.98,  1, 0.00, 0.00, 0.00, 0.00, 0.51, 0.00, 0.00, 0.79, 0.21, 0.97, 0.06, 0.92, 0.06, 0.05, 0.25, 0.00, 0.29, 0.00, 0.00, 0.00, 1.00, 0.00, 0.00, 0.00, 1.00, 0.00, 1.00, 0.00, 0.00, 0.00, 0.00, 0.00, 0.00, 0.00, 1.00
918,  0,  30.597,  0.98,  1, 0.00, 0.00, 0.00, 0.00, 0.48, 0.00, 0.00, 0.73, 0.16, 1.01, 0.10, 0.78, 0.08, 0.00, 0.17, 0.00, 0.30, 0.00, 0.00, 0.00, 1.00, 0.00, 0.00, 0.00, 1.00, 0.00, 1.00, 0.00, 0.00, 0.00, 0.00, 0.00, 0.00, 0.00, 1.00
919,  0,  30.631,  0.98,  1, 0.00, 0.00, 0.00, 0.00, 0.48, 0.00, 0.00, 0.74, 0.15, 1.03, 0.06, 0.72, 0.06, 0.00, 0.16, 0.00, 0.29, 0.00, 0.00, 0.00, 1.00, 0.00, 0.00, 0.00, 1.00, 0.00, 1.00, 0.00, 0.00, 0.00, 0.00, 0.00, 0.00, 0.00, 1.00
920,  0,  30.664,  0.98,  1, 0.00, 0.00, 0.00, 0.00, 0.48, 0.00, 0.00, 0.71, 0.11, 1.02, 0.04, 0.69, 0.03, 0.00, 0.19, 0.00, 0.39, 0.00, 0.00, 0.00, 0.00, 0.00, 0.00, 0.00, 1.00, 0.00, 1.00, 0.00, 0.00, 0.00, 0.00, 0.00, 0.00, 0.00, 1.00
921,  0,  30.697,  0.98,  1, 0.00, 0.00, 0.00, 0.00, 0.49, 0.00, 0.00, 0.70, 0.11, 0.96, 0.00, 0.70, 0.01, 0.00, 0.19, 0.00, 0.40, 0.00, 0.00, 0.00, 0.00, 0.00, 0.00, 0.00, 1.00, 0.00, 1.00, 0.00, 0.00, 0.00, 0.00, 0.00, 0.00, 0.00, 1.00
922,  0,  30.731,  0.98,  1, 0.00, 0.00, 0.00, 0.00, 0.48, 0.00, 0.01, 0.66, 0.07, 0.89, 0.00, 0.69, 0.00, 0.00, 0.15, 0.00, 0.35, 0.00, 0.00, 0.00, 0.00, 0.00, 0.00, 0.00, 1.00, 0.00, 1.00, 0.00, 0.00, 0.00, 0.00, 0.00, 0.00, 0.00, 1.00
923,  0,  30.764,  0.98,  1, 0.00, 0.00, 0.00, 0.00, 0.47, 0.00, 0.01, 0.63, 0.04, 0.90, 0.00, 0.66, 0.00, 0.00, 0.08, 0.00, 0.22, 0.00, 0.00, 0.00, 0.00, 0.00, 0.00, 0.00, 1.00, 0.00, 1.00, 0.00, 0.00, 0.00, 0.00, 0.00, 0.00, 0.00, 1.00
924,  0,  30.797,  0.98,  1, 0.00, 0.00, 0.00, 0.00, 0.41, 0.00, 0.01, 0.63, 0.00, 0.87, 0.04, 0.64, 0.00, 0.00, 0.04, 0.00, 0.15, 0.00, 0.00, 0.00, 0.00, 0.00, 0.00, 0.00, 1.00, 0.00, 1.00, 0.00, 0.00, 0.00, 0.00, 0.00, 0.00, 0.00, 1.00
925,  0,  30.831,  0.98,  1, 0.00, 0.00, 0.00, 0.00, 0.37, 0.00, 0.00, 0.66, 0.00, 0.78, 0.09, 0.64, 0.00, 0.00, 0.06, 0.00, 0.19, 0.00, 0.00, 0.00, 0.00, 0.00, 0.00, 0.00, 0.00, 0.00, 1.00, 0.00, 0.00, 0.00, 0.00, 0.00, 0.00, 0.00, 1.00
926,  0,  30.864,  0.98,  1, 0.00, 0.00, 0.00, 0.00, 0.36, 0.00, 0.00, 0.60, 0.03, 0.73, 0.11, 0.66, 0.00, 0.00, 0.06, 0.00, 0.33, 0.00, 0.00, 0.00, 0.00, 0.00, 0.00, 0.00, 0.00, 0.00, 1.00, 0.00, 0.00, 0.00, 0.00, 0.00, 0.00, 0.00, 1.00
927,  0,  30.898,  0.98,  1, 0.00, 0.00, 0.00, 0.00, 0.39, 0.00, 0.00, 0.52, 0.09, 0.71, 0.06, 0.69, 0.00, 0.00, 0.03, 0.00, 0.46, 0.00, 0.00, 0.00, 0.00, 0.00, 0.00, 0.00, 0.00, 0.00, 1.00, 0.00, 0.00, 0.00, 0.00, 0.00, 0.00, 0.00, 1.00
928,  0,  30.931,  0.98,  1, 0.00, 0.00, 0.00, 0.00, 0.42, 0.00, 0.00, 0.51, 0.10, 0.79, 0.01, 0.70, 0.00, 0.00, 0.01, 0.00, 0.51, 0.00, 0.00, 0.00, 0.00, 0.00, 0.00, 0.00, 0.00, 0.00, 1.00, 0.00, 0.00, 0.00, 0.00, 0.00, 0.00, 0.00, 1.00
929,  0,  30.964,  0.98,  1, 0.00, 0.00, 0.00, 0.00, 0.42, 0.00, 0.00, 0.56, 0.08, 0.87, 0.00, 0.67, 0.00, 0.00, 0.01, 0.00, 0.39, 0.00, 0.00, 0.00, 0.00, 0.00, 0.00, 0.00, 0.00, 0.00, 1.00, 0.00, 0.00, 0.00, 0.00, 0.00, 0.00, 0.00, 1.00
930,  0,  30.998,  0.98,  1, 0.00, 0.00, 0.00, 0.02, 0.39, 0.00, 0.00, 0.53, 0.03, 0.95, 0.00, 0.72, 0.00, 0.00, 0.00, 0.00, 0.20, 0.00, 0.00, 0.00, 0.00, 0.00, 0.00, 0.00, 0.00, 0.00, 1.00, 0.00, 0.00, 0.00, 0.00, 0.00, 0.00, 0.00, 1.00
931,  0,  31.031,  0.98,  1, 0.00, 0.00, 0.00, 0.05, 0.37, 0.00, 0.00, 0.51, 0.02, 0.97, 0.00, 0.79, 0.05, 0.00, 0.00, 0.00, 0.06, 0.00, 0.00, 0.00, 1.00, 0.00, 0.00, 0.00, 0.00, 0.00, 1.00, 0.00, 0.00, 0.00, 0.00, 0.00, 0.00, 0.00, 0.00
932,  0,  31.064,  0.98,  1, 0.00, 0.00, 0.00, 0.15, 0.35, 0.00, 0.00, 0.46, 0.01, 0.93, 0.00, 0.81, 0.05, 0.00, 0.09, 0.05, 0.00, 0.00, 0.00, 0.00, 1.00, 0.00, 0.00, 0.00, 0.00, 0.00, 1.00, 0.00, 0.00, 0.00, 0.00, 0.00, 0.00, 0.00, 0.00
933,  0,  31.098,  0.98,  1, 0.00, 0.00, 0.00, 0.22, 0.33, 0.00, 0.00, 0.44, 0.02, 0.88, 0.00, 0.78, 0.05, 0.00, 0.19, 0.08, 0.02, 0.00, 0.00, 0.00, 1.00, 0.00, 0.00, 0.00, 0.00, 0.00, 1.00, 0.00, 0.00, 0.00, 0.00, 0.00, 0.00, 0.00, 0.00
934,  0,  31.131,  0.98,  1, 0.00, 0.00, 0.00, 0.19, 0.35, 0.00, 0.00, 0.43, 0.02, 0.98, 0.00, 0.74, 0.00, 0.00, 0.25, 0.12, 0.02, 0.00, 0.00, 0.00, 1.00, 0.00, 0.00, 0.00, 0.00, 0.00, 1.00, 0.00, 0.00, 0.00, 0.00, 0.00, 0.00, 0.00, 0.00
935,  0,  31.164,  0.98,  1, 0.00, 0.00, 0.00, 0.09, 0.37, 0.00, 0.00, 0.45, 0.02, 1.08, 0.00, 0.72, 0.00, 0.00, 0.28, 0.12, 0.08, 0.00, 0.00, 0.00, 1.00, 0.00, 0.00, 0.00, 0.00, 0.00, 1.00, 0.00, 0.00, 0.00, 0.00, 0.00, 0.00, 0.00, 0.00
936,  0,  31.198,  0.98,  1, 0.00, 0.00, 0.00, 0.00, 0.39, 0.00, 0.00, 0.57, 0.00, 1.05, 0.00, 0.61, 0.00, 0.00, 0.23, 0.09, 0.06, 0.00, 0.00, 0.00, 1.00, 0.00, 0.00, 0.00, 0.00, 0.00, 1.00, 0.00, 0.00, 0.00, 0.00, 0.00, 0.00, 0.00, 0.00
937,  0,  31.231,  0.98,  1, 0.01, 0.00, 0.00, 0.00, 0.34, 0.00, 0.01, 0.61, 0.00, 0.92, 0.00, 0.50, 0.00, 0.00, 0.22, 0.04, 0.11, 0.00, 0.00, 0.00, 1.00, 0.00, 0.00, 0.00, 0.00, 0.00, 1.00, 0.00, 0.00, 0.00, 0.00, 0.00, 0.00, 0.00, 0.00
938,  0,  31.265,  0.98,  1, 0.01, 0.00, 0.00, 0.00, 0.31, 0.00, 0.03, 0.66, 0.02, 0.85, 0.00, 0.43, 0.00, 0.00, 0.10, 0.00, 0.05, 0.00, 0.00, 0.00, 1.00, 0.00, 0.00, 0.00, 0.00, 0.00, 1.00, 0.00, 0.00, 0.00, 0.00, 0.00, 0.00, 0.00, 0.00
939,  0,  31.298,  0.98,  1, 0.01, 0.00, 0.00, 0.00, 0.28, 0.00, 0.04, 0.61, 0.02, 0.93, 0.00, 0.40, 0.01, 0.00, 0.04, 0.00, 0.05, 0.00, 0.00, 0.00, 1.00, 0.00, 0.00, 0.00, 0.00, 0.00, 1.00, 0.00, 0.00, 0.00, 0.00, 0.00, 0.00, 0.00, 0.00
940,  0,  31.331,  0.98,  1, 0.00, 0.00, 0.00, 0.06, 0.29, 0.00, 0.04, 0.50, 0.02, 0.98, 0.00, 0.44, 0.01, 0.00, 0.05, 0.00, 0.00, 0.00, 0.00, 0.00, 1.00, 0.00, 0.00, 0.00, 0.00, 0.00, 1.00, 0.00, 0.00, 0.00, 0.00, 0.00, 0.00, 0.00, 0.00
941,  0,  31.365,  0.98,  1, 0.00, 0.00, 0.00, 0.09, 0.29, 0.00, 0.05, 0.39, 0.00, 0.98, 0.00, 0.51, 0.01, 0.00, 0.10, 0.00, 0.00, 0.00, 0.00, 0.00, 1.00, 0.00, 0.00, 0.00, 0.00, 0.00, 1.00, 0.00, 0.00, 0.00, 0.00, 0.00, 0.00, 0.00, 0.00
942,  0,  31.398,  0.98,  1, 0.00, 0.00, 0.00, 0.09, 0.28, 0.00, 0.05, 0.42, 0.00, 1.01, 0.00, 0.64, 0.00, 0.02, 0.14, 0.09, 0.00, 0.00, 0.00, 0.00, 1.00, 0.00, 0.00, 0.00, 0.00, 0.00, 1.00, 0.00, 0.00, 0.00, 0.00, 0.00, 0.00, 0.00, 0.00
943,  0,  31.431,  0.98,  1, 0.00, 0.00, 0.00, 0.06, 0.24, 0.00, 0.06, 0.51, 0.00, 1.07, 0.00, 0.69, 0.00, 0.04, 0.12, 0.13, 0.00, 0.00, 0.00, 0.00, 1.00, 0.00, 0.00, 0.00, 0.00, 0.00, 1.00, 0.00, 0.00, 0.00, 0.00, 0.00, 0.00, 0.00, 0.00
944,  0,  31.465,  0.98,  1, 0.00, 0.00, 0.00, 0.03, 0.25, 0.00, 0.18, 0.58, 0.00, 1.09, 0.00, 0.72, 0.00, 0.04, 0.19, 0.18, 0.00, 0.00, 0.00, 0.00, 1.00, 0.00, 0.00, 0.00, 0.00, 0.00, 1.00, 0.00, 0.00, 0.00, 0.00, 0.00, 0.00, 0.00, 0.00
945,  0,  31.498,  0.98,  1, 0.00, 0.00, 0.00, 0.03, 0.29, 0.00, 0.30, 0.54, 0.00, 1.12, 0.00, 0.76, 0.00, 0.02, 0.20, 0.12, 0.00, 0.00, 0.00, 0.00, 1.00, 0.00, 0.00, 0.00, 0.00, 0.00, 1.00, 0.00, 0.00, 0.00, 0.00, 0.00, 0.00, 0.00, 0.00
946,  0,  31.532,  0.98,  1, 0.00, 0.00, 0.00, 0.00, 0.38, 0.00, 0.31, 0.56, 0.00, 1.17, 0.00, 0.87, 0.00, 0.04, 0.17, 0.08, 0.00, 0.00, 0.00, 0.00, 1.00, 0.00, 0.00, 0.00, 0.00, 0.00, 1.00, 0.00, 0.00, 0.00, 0.00, 0.00, 0.00, 0.00, 0.00
947,  0,  31.565,  0.98,  1, 0.00, 0.00, 0.00, 0.00, 0.42, 0.00, 0.22, 0.65, 0.00, 1.26, 0.00, 0.96, 0.00, 0.07, 0.05, 0.03, 0.00, 0.00, 0.00, 0.00, 0.00, 0.00, 0.00, 0.00, 0.00, 0.00, 1.00, 0.00, 0.00, 0.00, 0.00, 0.00, 0.00, 0.00, 0.00
948,  0,  31.598,  0.98,  1, 0.00, 0.00, 0.00, 0.00, 0.37, 0.00, 0.09, 0.69, 0.00, 1.28, 0.00, 0.97, 0.00, 0.07, 0.07, 0.00, 0.00, 0.00, 0.00, 0.00, 0.00, 0.00, 0.00, 0.00, 0.00, 0.00, 1.00, 0.00, 0.00, 0.00, 0.00, 0.00, 0.00, 0.00, 0.00
949,  0,  31.632,  0.98,  1, 0.00, 0.00, 0.00, 0.00, 0.29, 0.00, 0.05, 0.63, 0.00, 1.23, 0.00, 0.91, 0.00, 0.03, 0.13, 0.00, 0.00, 0.00, 0.00, 0.00, 0.00, 0.00, 0.00, 0.00, 0.00, 0.00, 1.00, 0.00, 0.00, 0.00, 0.00, 0.00, 0.00, 0.00, 0.00
950,  0,  31.665,  0.98,  1, 0.00, 0.00, 0.00, 0.00, 0.22, 0.00, 0.04, 0.55, 0.00, 1.08, 0.04, 0.83, 0.00, 0.03, 0.18, 0.00, 0.00, 0.00, 0.00, 0.00, 0.00, 0.00, 0.00, 0.00, 0.00, 0.00, 1.00, 0.00, 0.00, 0.00, 0.00, 0.00, 0.00, 0.00, 0.00
951,  0,  31.698,  0.98,  1, 0.00, 0.00, 0.00, 0.00, 0.23, 0.00, 0.09, 0.49, 0.00, 1.03, 0.04, 0.78, 0.00, 0.06, 0.12, 0.00, 0.00, 0.00, 0.00, 0.00, 0.00, 0.00, 0.00, 0.00, 0.00, 0.00, 1.00, 0.00, 0.00, 0.00, 0.00, 0.00, 0.00, 0.00, 0.00
952,  0,  31.732,  0.98,  1, 0.00, 0.00, 0.00, 0.00, 0.22, 0.00, 0.16, 0.56, 0.00, 1.08, 0.07, 0.74, 0.00, 0.12, 0.06, 0.00, 0.00, 0.00, 0.00, 0.00, 0.00, 0.00, 0.00, 0.00, 0.00, 0.00, 1.00, 0.00, 0.00, 0.00, 0.00, 0.00, 0.00, 0.00, 0.00
953,  0,  31.765,  0.98,  1, 0.00, 0.02, 0.00, 0.03, 0.22, 0.00, 0.18, 0.60, 0.00, 1.17, 0.07, 0.71, 0.00, 0.16, 0.03, 0.00, 0.00, 0.00, 0.00, 0.00, 1.00, 0.00, 0.00, 0.00, 0.00, 0.00, 1.00, 0.00, 0.00, 0.00, 0.00, 0.00, 0.00, 0.00, 0.00
954,  0,  31.798,  0.98,  1, 0.00, 0.02, 0.00, 0.03, 0.26, 0.00, 0.13, 0.63, 0.00, 1.20, 0.07, 0.73, 0.00, 0.12, 0.08, 0.00, 0.00, 0.00, 0.00, 0.00, 1.00, 0.00, 0.00, 0.00, 0.00, 0.00, 1.00, 0.00, 0.00, 0.00, 0.00, 0.00, 0.00, 0.00, 0.00
955,  0,  31.832,  0.98,  1, 0.00, 0.02, 0.00, 0.03, 0.30, 0.00, 0.06, 0.58, 0.00, 1.12, 0.04, 0.76, 0.00, 0.06, 0.12, 0.00, 0.00, 0.00, 0.00, 0.00, 1.00, 0.00, 0.00, 0.00, 0.00, 0.00, 1.00, 0.00, 0.00, 0.00, 0.00, 0.00, 0.00, 0.00, 0.00
956,  0,  31.865,  0.98,  1, 0.00, 0.00, 0.00, 0.02, 0.33, 0.00, 0.00, 0.61, 0.01, 0.99, 0.00, 0.82, 0.00, 0.00, 0.11, 0.00, 0.01, 0.00, 0.00, 0.00, 1.00, 0.00, 0.00, 0.00, 0.00, 0.00, 1.00, 0.00, 0.00, 0.00, 0.00, 0.00, 0.00, 0.00, 0.00
957,  0,  31.899,  0.98,  1, 0.00, 0.00, 0.00, 0.03, 0.30, 0.00, 0.00, 0.67, 0.02, 0.88, 0.00, 0.84, 0.00, 0.00, 0.05, 0.00, 0.11, 0.00, 0.00, 0.00, 1.00, 0.00, 0.00, 0.00, 0.00, 0.00, 1.00, 0.00, 0.00, 0.00, 0.00, 0.00, 0.00, 0.00, 0.00
958,  0,  31.932,  0.98,  1, 0.00, 0.00, 0.00, 0.03, 0.29, 0.00, 0.00, 0.69, 0.05, 0.90, 0.00, 0.82, 0.04, 0.00, 0.01, 0.03, 0.11, 0.00, 0.00, 0.00, 1.00, 0.00, 0.00, 0.00, 1.00, 0.00, 1.00, 0.00, 0.00, 0.00, 0.00, 0.00, 0.00, 0.00, 0.00
959,  0,  31.965,  0.98,  1, 0.00, 0.00, 0.00, 0.01, 0.30, 0.00, 0.01, 0.66, 0.06, 1.00, 0.00, 0.82, 0.12, 0.00, 0.00, 0.03, 0.10, 0.00, 0.00, 0.00, 1.00, 0.00, 0.00, 0.00, 1.00, 0.00, 1.00, 0.00, 0.00, 0.00, 0.00, 0.00, 0.00, 0.00, 0.00
960,  0,  31.999,  0.98,  1, 0.00, 0.00, 0.00, 0.00, 0.35, 0.00, 0.01, 0.64, 0.06, 1.02, 0.00, 0.80, 0.12, 0.00, 0.00, 0.03, 0.00, 0.00, 0.00, 0.00, 1.00, 0.00, 0.00, 0.00, 1.00, 0.00, 1.00, 0.00, 0.00, 0.00, 0.00, 0.00, 0.00, 0.00, 0.00
961,  0,  32.032,  0.98,  1, 0.00, 0.00, 0.00, 0.02, 0.40, 0.00, 0.00, 0.62, 0.05, 0.91, 0.00, 0.82, 0.08, 0.02, 0.00, 0.00, 0.00, 0.00, 0.00, 0.00, 1.00, 0.00, 0.00, 0.00, 1.00, 0.00, 1.00, 0.00, 0.00, 0.00, 0.00, 0.00, 0.00, 0.00, 0.00
962,  0,  32.065,  0.98,  1, 0.00, 0.00, 0.00, 0.05, 0.40, 0.00, 0.00, 0.61, 0.03, 0.84, 0.00, 0.81, 0.00, 0.02, 0.03, 0.00, 0.00, 0.00, 0.00, 0.00, 1.00, 0.00, 0.00, 0.00, 0.00, 0.00, 1.00, 0.00, 0.00, 0.00, 0.00, 0.00, 0.00, 0.00, 0.00
963,  0,  32.099,  0.98,  1, 0.00, 0.00, 0.00, 0.06, 0.37, 0.00, 0.02, 0.58, 0.01, 0.82, 0.00, 0.78, 0.00, 0.02, 0.08, 0.00, 0.00, 0.00, 0.00, 0.00, 1.00, 0.00, 0.00, 0.00, 0.00, 0.00, 1.00, 0.00, 0.00, 0.00, 0.00, 0.00, 0.00, 0.00, 0.00
964,  0,  32.132,  0.98,  1, 0.00, 0.00, 0.00, 0.13, 0.32, 0.00, 0.02, 0.48, 0.00, 0.91, 0.00, 0.74, 0.04, 0.00, 0.11, 0.00, 0.03, 0.00, 0.00, 0.00, 1.00, 0.00, 0.00, 0.00, 0.00, 0.00, 1.00, 0.00, 0.00, 0.00, 0.00, 0.00, 0.00, 0.00, 0.00
965,  0,  32.165,  0.98,  1, 0.00, 0.00, 0.00, 0.19, 0.32, 0.00, 0.02, 0.37, 0.00, 0.92, 0.00, 0.72, 0.07, 0.00, 0.11, 0.00, 0.06, 0.00, 0.00, 0.00, 1.00, 0.00, 0.00, 0.00, 0.00, 0.00, 1.00, 0.00, 0.00, 0.00, 0.00, 0.00, 0.00, 0.00, 0.00
966,  0,  32.199,  0.98,  1, 0.00, 0.00, 0.00, 0.27, 0.26, 0.00, 0.00, 0.39, 0.00, 0.99, 0.00, 0.69, 0.07, 0.00, 0.15, 0.01, 0.06, 0.00, 0.00, 0.00, 1.00, 0.00, 0.00, 0.00, 0.00, 0.00, 1.00, 0.00, 0.00, 0.00, 0.00, 0.00, 0.00, 0.00, 0.00
967,  0,  32.232,  0.98,  1, 0.00, 0.00, 0.00, 0.26, 0.17, 0.00, 0.00, 0.61, 0.01, 1.02, 0.00, 0.62, 0.00, 0.00, 0.25, 0.04, 0.00, 0.00, 0.00, 0.00, 1.00, 0.00, 0.00, 0.00, 0.00, 0.00, 1.00, 0.00, 0.00, 0.00, 0.00, 0.00, 0.00, 0.00, 0.00
